Date,High,Low,Open,Close,Volume,Adj Close
2009-01-02,1.3200000524520874,1.149999976158142,1.190000057220459,1.2999999523162842,232200,1.2999999523162842
2009-01-05,1.350000023841858,1.2300000190734863,1.350000023841858,1.2400000095367432,201500,1.2400000095367432
2009-01-06,1.3899999856948853,1.25,1.25,1.3600000143051147,217000,1.3600000143051147
2009-01-07,1.3899999856948853,1.2999999523162842,1.3700000047683716,1.2999999523162842,115400,1.2999999523162842
2009-01-08,1.7300000190734863,1.2599999904632568,1.2899999618530273,1.5499999523162842,571300,1.5499999523162842
2009-01-09,1.7000000476837158,1.4900000095367432,1.6799999475479126,1.5700000524520874,302700,1.5700000524520874
2009-01-12,1.6299999952316284,1.4500000476837158,1.5800000429153442,1.4600000381469727,150600,1.4600000381469727
2009-01-13,1.5,1.440000057220459,1.4500000476837158,1.4900000095367432,86800,1.4900000095367432
2009-01-14,1.5,1.3899999856948853,1.4500000476837158,1.3899999856948853,81800,1.3899999856948853
2009-01-15,1.4299999475479126,1.3600000143051147,1.4299999475479126,1.3799999952316284,162800,1.3799999952316284
2009-01-16,1.6100000143051147,1.4299999475479126,1.6100000143051147,1.4600000381469727,538400,1.4600000381469727
2009-01-20,1.6100000143051147,1.4199999570846558,1.6100000143051147,1.4199999570846558,196900,1.4199999570846558
2009-01-21,1.4500000476837158,1.3899999856948853,1.4500000476837158,1.409999966621399,118700,1.409999966621399
2009-01-22,1.4199999570846558,1.2799999713897705,1.409999966621399,1.3300000429153442,191100,1.3300000429153442
2009-01-23,1.3300000429153442,1.25,1.2999999523162842,1.2699999809265137,227600,1.2699999809265137
2009-01-26,1.309999942779541,1.25,1.2899999618530273,1.2899999618530273,174100,1.2899999618530273
2009-01-27,1.3200000524520874,1.2599999904632568,1.2999999523162842,1.2999999523162842,131200,1.2999999523162842
2009-01-28,1.3799999952316284,1.2699999809265137,1.3799999952316284,1.2999999523162842,120100,1.2999999523162842
2009-01-29,1.3200000524520874,1.25,1.2899999618530273,1.2999999523162842,90200,1.2999999523162842
2009-01-30,1.340000033378601,1.2699999809265137,1.340000033378601,1.2999999523162842,91200,1.2999999523162842
2009-02-02,1.309999942779541,1.2599999904632568,1.309999942779541,1.2899999618530273,67200,1.2899999618530273
2009-02-03,1.3200000524520874,1.2599999904632568,1.309999942779541,1.2999999523162842,41700,1.2999999523162842
2009-02-04,1.350000023841858,1.2999999523162842,1.3200000524520874,1.3200000524520874,69500,1.3200000524520874
2009-02-05,1.309999942779541,1.2699999809265137,1.2799999713897705,1.2799999713897705,60800,1.2799999713897705
2009-02-06,1.340000033378601,1.2699999809265137,1.3300000429153442,1.309999942779541,40100,1.309999942779541
2009-02-09,1.2899999618530273,1.2300000190734863,1.2799999713897705,1.2300000190734863,163400,1.2300000190734863
2009-02-10,1.2799999713897705,1.2000000476837158,1.2300000190734863,1.2100000381469727,137500,1.2100000381469727
2009-02-11,1.309999942779541,1.2100000381469727,1.2400000095367432,1.25,68200,1.25
2009-02-12,1.2999999523162842,1.2200000286102295,1.2200000286102295,1.25,242900,1.25
2009-02-13,1.2899999618530273,1.2300000190734863,1.2400000095367432,1.2699999809265137,241000,1.2699999809265137
2009-02-17,1.3200000524520874,1.2000000476837158,1.2899999618530273,1.2200000286102295,236300,1.2200000286102295
2009-02-18,1.2200000286102295,1.1200000047683716,1.2000000476837158,1.1200000047683716,181400,1.1200000047683716
2009-02-19,1.190000057220459,0.9900000095367432,1.159999966621399,1.0,266200,1.0
2009-02-20,1.2000000476837158,1.0,1.0,1.1200000047683716,138000,1.1200000047683716
2009-02-23,1.1699999570846558,1.0099999904632568,1.1699999570846558,1.0299999713897705,139900,1.0299999713897705
2009-02-24,1.1299999952316284,0.9200000166893005,1.090000033378601,1.0,301900,1.0
2009-02-25,1.0800000429153442,1.0,1.0,1.0800000429153442,122700,1.0800000429153442
2009-02-26,1.100000023841858,0.9900000095367432,1.0199999809265137,0.9900000095367432,134600,0.9900000095367432
2009-02-27,1.0199999809265137,0.9599999785423279,1.0199999809265137,0.9800000190734863,184600,0.9800000190734863
2009-03-02,1.0399999618530273,0.9700000286102295,0.9800000190734863,1.0299999713897705,240400,1.0299999713897705
2009-03-03,1.090000033378601,1.0,1.090000033378601,1.0199999809265137,105600,1.0199999809265137
2009-03-04,1.0800000429153442,1.0,1.0700000524520874,1.0099999904632568,105500,1.0099999904632568
2009-03-05,1.0299999713897705,0.8799999952316284,1.0299999713897705,0.9200000166893005,256600,0.9200000166893005
2009-03-06,0.9700000286102295,0.8999999761581421,0.9300000071525574,0.9100000262260437,82800,0.9100000262260437
2009-03-09,0.9700000286102295,0.8999999761581421,0.9399999976158142,0.9399999976158142,75500,0.9399999976158142
2009-03-10,1.0099999904632568,0.9399999976158142,0.9800000190734863,0.9700000286102295,119500,0.9700000286102295
2009-03-11,1.0099999904632568,0.8999999761581421,1.0099999904632568,0.9100000262260437,77500,0.9100000262260437
2009-03-12,1.0,0.8999999761581421,0.9399999976158142,0.9599999785423279,297200,0.9599999785423279
2009-03-13,1.0399999618530273,0.9900000095367432,1.0,1.0199999809265137,177900,1.0199999809265137
2009-03-16,1.1299999952316284,1.0199999809265137,1.0700000524520874,1.100000023841858,225900,1.100000023841858
2009-03-17,1.1200000047683716,1.0199999809265137,1.0700000524520874,1.100000023841858,144200,1.100000023841858
2009-03-18,1.1799999475479126,1.0800000429153442,1.1299999952316284,1.159999966621399,137900,1.159999966621399
2009-03-19,1.1799999475479126,1.100000023841858,1.1799999475479126,1.1299999952316284,57200,1.1299999952316284
2009-03-20,1.1699999570846558,1.059999942779541,1.1699999570846558,1.059999942779541,111300,1.059999942779541
2009-03-23,1.149999976158142,1.0700000524520874,1.1200000047683716,1.149999976158142,159500,1.149999976158142
2009-03-24,1.149999976158142,1.100000023841858,1.149999976158142,1.1399999856948853,160200,1.1399999856948853
2009-03-25,1.1399999856948853,1.0499999523162842,1.1200000047683716,1.0499999523162842,159700,1.0499999523162842
2009-03-26,1.0800000429153442,1.0499999523162842,1.0700000524520874,1.0800000429153442,141200,1.0800000429153442
2009-03-27,1.059999942779541,1.0,1.059999942779541,1.0299999713897705,68700,1.0299999713897705
2009-03-30,1.0499999523162842,0.9900000095367432,1.0,1.0,187200,1.0
2009-03-31,1.0399999618530273,1.0,1.0,1.0199999809265137,29100,1.0199999809265137
2009-04-01,1.0299999713897705,0.949999988079071,1.0299999713897705,1.0,141600,1.0
2009-04-02,1.1200000047683716,1.0099999904632568,1.0499999523162842,1.100000023841858,205200,1.100000023841858
2009-04-03,1.2400000095367432,1.090000033378601,1.100000023841858,1.159999966621399,281800,1.159999966621399
2009-04-06,1.2200000286102295,1.090000033378601,1.190000057220459,1.149999976158142,196600,1.149999976158142
2009-04-07,1.149999976158142,1.1100000143051147,1.149999976158142,1.149999976158142,140200,1.149999976158142
2009-04-08,1.399999976158142,1.059999942779541,1.1200000047683716,1.1200000047683716,117900,1.1200000047683716
2009-04-09,1.2000000476837158,1.1399999856948853,1.190000057220459,1.1799999475479126,85400,1.1799999475479126
2009-04-13,1.2999999523162842,1.1799999475479126,1.2300000190734863,1.2999999523162842,192300,1.2999999523162842
2009-04-14,1.309999942779541,1.2300000190734863,1.2999999523162842,1.2400000095367432,148600,1.2400000095367432
2009-04-15,1.2999999523162842,1.2200000286102295,1.2699999809265137,1.2300000190734863,124900,1.2300000190734863
2009-04-16,1.2400000095367432,1.149999976158142,1.2000000476837158,1.2200000286102295,334700,1.2200000286102295
2009-04-17,1.2200000286102295,1.149999976158142,1.2200000286102295,1.2100000381469727,147300,1.2100000381469727
2009-04-20,1.2200000286102295,1.159999966621399,1.2200000286102295,1.190000057220459,75600,1.190000057220459
2009-04-21,1.2200000286102295,1.149999976158142,1.1699999570846558,1.149999976158142,95900,1.149999976158142
2009-04-22,1.2300000190734863,1.149999976158142,1.149999976158142,1.159999966621399,107900,1.159999966621399
2009-04-23,1.2400000095367432,1.159999966621399,1.159999966621399,1.2000000476837158,144000,1.2000000476837158
2009-04-24,1.2799999713897705,1.1799999475479126,1.2400000095367432,1.2300000190734863,139900,1.2300000190734863
2009-04-27,1.2999999523162842,1.2000000476837158,1.2400000095367432,1.2300000190734863,119300,1.2300000190734863
2009-04-28,1.2999999523162842,1.2100000381469727,1.2599999904632568,1.2400000095367432,129500,1.2400000095367432
2009-04-29,1.2999999523162842,1.149999976158142,1.2000000476837158,1.1799999475479126,312200,1.1799999475479126
2009-04-30,1.2200000286102295,1.159999966621399,1.2100000381469727,1.2100000381469727,133100,1.2100000381469727
2009-05-01,1.2200000286102295,1.149999976158142,1.2200000286102295,1.2000000476837158,103500,1.2000000476837158
2009-05-04,1.2300000190734863,1.190000057220459,1.2300000190734863,1.2000000476837158,155000,1.2000000476837158
2009-05-05,1.2400000095367432,1.1699999570846558,1.2400000095367432,1.2000000476837158,163400,1.2000000476837158
2009-05-06,1.2400000095367432,1.149999976158142,1.2000000476837158,1.190000057220459,434700,1.190000057220459
2009-05-07,1.2400000095367432,1.2000000476837158,1.2000000476837158,1.2200000286102295,142300,1.2200000286102295
2009-05-08,1.2699999809265137,1.190000057220459,1.25,1.2100000381469727,348700,1.2100000381469727
2009-05-11,1.2400000095367432,1.1799999475479126,1.2400000095367432,1.1799999475479126,207500,1.1799999475479126
2009-05-12,1.2000000476837158,1.1100000143051147,1.2000000476837158,1.1299999952316284,353600,1.1299999952316284
2009-05-13,1.149999976158142,1.1200000047683716,1.149999976158142,1.1299999952316284,123900,1.1299999952316284
2009-05-14,1.159999966621399,1.1100000143051147,1.1200000047683716,1.149999976158142,101200,1.149999976158142
2009-05-15,1.1699999570846558,1.1299999952316284,1.159999966621399,1.159999966621399,95600,1.159999966621399
2009-05-18,1.2300000190734863,1.159999966621399,1.2300000190734863,1.2200000286102295,153300,1.2200000286102295
2009-05-19,1.7000000476837158,1.2200000286102295,1.2400000095367432,1.6100000143051147,1513300,1.6100000143051147
2009-05-20,1.7999999523162842,1.4199999570846558,1.7000000476837158,1.4600000381469727,1352600,1.4600000381469727
2009-05-21,1.5099999904632568,1.2599999904632568,1.5,1.309999942779541,607600,1.309999942779541
2009-05-22,1.4600000381469727,1.3200000524520874,1.340000033378601,1.4199999570846558,384100,1.4199999570846558
2009-05-26,1.940000057220459,1.4500000476837158,1.4900000095367432,1.7999999523162842,1713300,1.7999999523162842
2009-05-27,1.9199999570846558,1.7100000381469727,1.850000023841858,1.7400000095367432,853700,1.7400000095367432
2009-05-28,1.7999999523162842,1.649999976158142,1.7599999904632568,1.7000000476837158,521000,1.7000000476837158
2009-05-29,1.7799999713897705,1.5,1.7799999713897705,1.659999966621399,881000,1.659999966621399
2009-06-01,1.7300000190734863,1.5499999523162842,1.7000000476837158,1.590000033378601,421800,1.590000033378601
2009-06-02,1.600000023841858,1.4500000476837158,1.5099999904632568,1.4700000286102295,466700,1.4700000286102295
2009-06-03,1.5700000524520874,1.350000023841858,1.409999966621399,1.5199999809265137,386900,1.5199999809265137
2009-06-04,1.6299999952316284,1.5399999618530273,1.5800000429153442,1.6200000047683716,230600,1.6200000047683716
2009-06-05,1.649999976158142,1.5800000429153442,1.590000033378601,1.6299999952316284,324300,1.6299999952316284
2009-06-08,1.600000023841858,1.5399999618530273,1.5800000429153442,1.5399999618530273,180300,1.5399999618530273
2009-06-09,1.590000033378601,1.4900000095367432,1.590000033378601,1.5399999618530273,114200,1.5399999618530273
2009-06-10,1.6200000047683716,1.4800000190734863,1.6200000047683716,1.5,189200,1.5
2009-06-11,1.5700000524520874,1.4600000381469727,1.4600000381469727,1.5299999713897705,165500,1.5299999713897705
2009-06-12,1.7200000286102295,1.5499999523162842,1.5800000429153442,1.690000057220459,718000,1.690000057220459
2009-06-15,1.6699999570846558,1.5399999618530273,1.649999976158142,1.6200000047683716,518200,1.6200000047683716
2009-06-16,1.6200000047683716,1.559999942779541,1.6200000047683716,1.600000023841858,206300,1.600000023841858
2009-06-17,1.600000023841858,1.5099999904632568,1.5399999618530273,1.5499999523162842,241000,1.5499999523162842
2009-06-18,1.590000033378601,1.559999942779541,1.5700000524520874,1.5800000429153442,169900,1.5800000429153442
2009-06-19,1.600000023841858,1.5199999809265137,1.600000023841858,1.590000033378601,207800,1.590000033378601
2009-06-22,1.559999942779541,1.399999976158142,1.5399999618530273,1.4299999475479126,381700,1.4299999475479126
2009-06-23,1.4800000190734863,1.350000023841858,1.3799999952316284,1.3899999856948853,272900,1.3899999856948853
2009-06-24,1.4500000476837158,1.3700000047683716,1.409999966621399,1.3899999856948853,235100,1.3899999856948853
2009-06-25,1.5199999809265137,1.3700000047683716,1.3700000047683716,1.5099999904632568,347600,1.5099999904632568
2009-06-26,1.8200000524520874,1.4600000381469727,1.5199999809265137,1.809999942779541,11222300,1.809999942779541
2009-06-29,1.7599999904632568,1.559999942779541,1.75,1.5800000429153442,793700,1.5800000429153442
2009-06-30,1.6399999856948853,1.5,1.590000033378601,1.5,467000,1.5
2009-07-01,1.649999976158142,1.5,1.5199999809265137,1.649999976158142,501700,1.649999976158142
2009-07-02,1.6699999570846558,1.5299999713897705,1.649999976158142,1.590000033378601,449000,1.590000033378601
2009-07-06,1.7300000190734863,1.5299999713897705,1.5499999523162842,1.659999966621399,481900,1.659999966621399
2009-07-07,1.6799999475479126,1.5800000429153442,1.659999966621399,1.600000023841858,291400,1.600000023841858
2009-07-08,1.6399999856948853,1.5800000429153442,1.590000033378601,1.6200000047683716,408600,1.6200000047683716
2009-07-09,1.649999976158142,1.5399999618530273,1.6299999952316284,1.559999942779541,208500,1.559999942779541
2009-07-10,1.5499999523162842,1.4900000095367432,1.4900000095367432,1.5399999618530273,184300,1.5399999618530273
2009-07-13,1.6100000143051147,1.5099999904632568,1.5399999618530273,1.600000023841858,242800,1.600000023841858
2009-07-14,1.649999976158142,1.559999942779541,1.590000033378601,1.6200000047683716,241600,1.6200000047683716
2009-07-15,1.7000000476837158,1.6299999952316284,1.649999976158142,1.7000000476837158,358300,1.7000000476837158
2009-07-16,1.7300000190734863,1.6200000047683716,1.690000057220459,1.7200000286102295,225400,1.7200000286102295
2009-07-17,1.7300000190734863,1.6399999856948853,1.7300000190734863,1.659999966621399,235200,1.659999966621399
2009-07-20,1.6699999570846558,1.6399999856948853,1.659999966621399,1.6699999570846558,158900,1.6699999570846558
2009-07-21,1.690000057220459,1.6100000143051147,1.6799999475479126,1.6399999856948853,204300,1.6399999856948853
2009-07-22,1.75,1.649999976158142,1.6699999570846558,1.7300000190734863,384500,1.7300000190734863
2009-07-23,1.7999999523162842,1.6799999475479126,1.7599999904632568,1.7999999523162842,356400,1.7999999523162842
2009-07-24,1.7999999523162842,1.7400000095367432,1.75,1.7799999713897705,255000,1.7799999713897705
2009-07-27,1.8300000429153442,1.7300000190734863,1.809999942779541,1.8200000524520874,371300,1.8200000524520874
2009-07-28,1.809999942779541,1.75,1.809999942779541,1.7899999618530273,196400,1.7899999618530273
2009-07-29,1.7599999904632568,1.649999976158142,1.7000000476837158,1.7000000476837158,395500,1.7000000476837158
2009-07-30,1.7000000476837158,1.6200000047683716,1.6799999475479126,1.6699999570846558,308000,1.6699999570846558
2009-07-31,1.690000057220459,1.6200000047683716,1.659999966621399,1.649999976158142,219400,1.649999976158142
2009-08-03,1.840000033378601,1.649999976158142,1.649999976158142,1.7999999523162842,1038000,1.7999999523162842
2009-08-04,2.0299999713897705,1.840000033378601,1.899999976158142,1.9299999475479126,1242400,1.9299999475479126
2009-08-05,2.0199999809265137,1.9500000476837158,2.0,2.0,764600,2.0
2009-08-06,2.0899999141693115,1.600000023841858,2.0899999141693115,1.659999966621399,1247100,1.659999966621399
2009-08-07,1.9299999475479126,1.659999966621399,1.6699999570846558,1.850000023841858,1108600,1.850000023841858
2009-08-10,2.0299999713897705,1.909999966621399,2.0299999713897705,1.9900000095367432,555400,1.9900000095367432
2009-08-11,2.0199999809265137,1.7000000476837158,2.0199999809265137,1.840000033378601,828400,1.840000033378601
2009-08-12,2.009999990463257,1.8300000429153442,1.8300000429153442,1.9800000190734863,753400,1.9800000190734863
2009-08-13,2.069999933242798,1.9299999475479126,2.049999952316284,1.9800000190734863,609600,1.9800000190734863
2009-08-14,1.9900000095367432,1.8600000143051147,1.9800000190734863,1.909999966621399,441100,1.909999966621399
2009-08-17,1.8200000524520874,1.6699999570846558,1.7999999523162842,1.7799999713897705,672400,1.7799999713897705
2009-08-18,1.909999966621399,1.7999999523162842,1.809999942779541,1.8899999856948853,251700,1.8899999856948853
2009-08-19,1.9299999475479126,1.7599999904632568,1.8600000143051147,1.9199999570846558,226200,1.9199999570846558
2009-08-20,1.9600000381469727,1.8200000524520874,1.899999976158142,1.8899999856948853,449600,1.8899999856948853
2009-08-21,1.940000057220459,1.8799999952316284,1.940000057220459,1.899999976158142,409300,1.899999976158142
2009-08-24,1.9600000381469727,1.8799999952316284,1.940000057220459,1.909999966621399,281500,1.909999966621399
2009-08-25,1.940000057220459,1.8799999952316284,1.940000057220459,1.8799999952316284,175700,1.8799999952316284
2009-08-26,1.8899999856948853,1.8200000524520874,1.8899999856948853,1.8600000143051147,177800,1.8600000143051147
2009-08-27,1.8799999952316284,1.7999999523162842,1.8200000524520874,1.8799999952316284,229400,1.8799999952316284
2009-08-28,1.9299999475479126,1.8700000047683716,1.909999966621399,1.8899999856948853,281500,1.8899999856948853
2009-08-31,1.8700000047683716,1.809999942779541,1.8700000047683716,1.8200000524520874,276400,1.8200000524520874
2009-09-01,1.8600000143051147,1.7300000190734863,1.7999999523162842,1.7300000190734863,449700,1.7300000190734863
2009-09-02,1.9199999570846558,1.7300000190734863,1.7300000190734863,1.840000033378601,802800,1.840000033378601
2009-09-03,1.899999976158142,1.75,1.899999976158142,1.840000033378601,306900,1.840000033378601
2009-09-04,1.8799999952316284,1.75,1.850000023841858,1.8799999952316284,446000,1.8799999952316284
2009-09-08,1.9199999570846558,1.8600000143051147,1.899999976158142,1.8899999856948853,552200,1.8899999856948853
2009-09-09,1.9199999570846558,1.8700000047683716,1.909999966621399,1.8899999856948853,355700,1.8899999856948853
2009-09-10,2.2300000190734863,1.809999942779541,1.8700000047683716,2.1600000858306885,2692400,2.1600000858306885
2009-09-11,2.299999952316284,2.0899999141693115,2.1600000858306885,2.190000057220459,746000,2.190000057220459
2009-09-14,2.2799999713897705,2.1700000762939453,2.190000057220459,2.25,537600,2.25
2009-09-15,2.3499999046325684,2.25,2.259999990463257,2.3299999237060547,661900,2.3299999237060547
2009-09-16,2.4000000953674316,2.299999952316284,2.3499999046325684,2.3299999237060547,412000,2.3299999237060547
2009-09-17,2.5399999618530273,2.3299999237060547,2.3299999237060547,2.430000066757202,626400,2.430000066757202
2009-09-18,2.4600000381469727,2.299999952316284,2.430000066757202,2.4600000381469727,979900,2.4600000381469727
2009-09-21,2.4800000190734863,2.4000000953674316,2.440000057220459,2.430000066757202,400200,2.430000066757202
2009-09-22,2.5,2.4000000953674316,2.4000000953674316,2.4200000762939453,495200,2.4200000762939453
2009-09-23,2.4600000381469727,2.3299999237060547,2.4200000762939453,2.3399999141693115,594400,2.3399999141693115
2009-09-24,2.3399999141693115,2.0,2.319999933242798,2.259999990463257,2021900,2.259999990463257
2009-09-25,2.2699999809265137,2.190000057220459,2.200000047683716,2.2300000190734863,437400,2.2300000190734863
2009-09-28,2.2899999618530273,2.1500000953674316,2.2200000286102295,2.25,597500,2.25
2009-09-29,2.2899999618530273,2.1700000762939453,2.259999990463257,2.2100000381469727,214400,2.2100000381469727
2009-09-30,2.25,2.109999895095825,2.25,2.200000047683716,487000,2.200000047683716
2009-10-01,2.2100000381469727,2.049999952316284,2.2100000381469727,2.059999942779541,545800,2.059999942779541
2009-10-02,2.059999942779541,1.9900000095367432,2.049999952316284,2.0,695300,2.0
2009-10-05,2.119999885559082,2.0,2.0,2.109999895095825,341400,2.109999895095825
2009-10-06,2.180000066757202,2.009999990463257,2.109999895095825,2.140000104904175,330000,2.140000104904175
2009-10-07,2.180000066757202,2.0899999141693115,2.180000066757202,2.119999885559082,331700,2.119999885559082
2009-10-08,2.2100000381469727,2.109999895095825,2.130000114440918,2.109999895095825,541000,2.109999895095825
2009-10-09,2.1600000858306885,2.0899999141693115,2.119999885559082,2.0999999046325684,269000,2.0999999046325684
2009-10-12,2.240000009536743,2.0899999141693115,2.1500000953674316,2.119999885559082,1153300,2.119999885559082
2009-10-13,2.2100000381469727,2.0999999046325684,2.2100000381469727,2.119999885559082,535900,2.119999885559082
2009-10-14,2.240000009536743,2.1600000858306885,2.190000057220459,2.2300000190734863,548300,2.2300000190734863
2009-10-15,2.2699999809265137,2.200000047683716,2.240000009536743,2.2699999809265137,906600,2.2699999809265137
2009-10-16,2.259999990463257,2.190000057220459,2.259999990463257,2.2200000286102295,497400,2.2200000286102295
2009-10-19,2.299999952316284,2.190000057220459,2.2200000286102295,2.2899999618530273,504400,2.2899999618530273
2009-10-20,2.2899999618530273,2.1500000953674316,2.2899999618530273,2.2200000286102295,321000,2.2200000286102295
2009-10-21,2.240000009536743,2.109999895095825,2.2100000381469727,2.130000114440918,618600,2.130000114440918
2009-10-22,2.1700000762939453,2.109999895095825,2.109999895095825,2.119999885559082,322700,2.119999885559082
2009-10-23,2.140000104904175,2.059999942779541,2.109999895095825,2.069999933242798,436400,2.069999933242798
2009-10-26,2.109999895095825,1.9900000095367432,2.069999933242798,2.0199999809265137,763100,2.0199999809265137
2009-10-27,2.0399999618530273,1.9199999570846558,1.9900000095367432,2.009999990463257,691800,2.009999990463257
2009-10-28,2.0199999809265137,1.8300000429153442,1.9800000190734863,1.8899999856948853,1122000,1.8899999856948853
2009-10-29,1.9700000286102295,1.8300000429153442,1.909999966621399,1.8899999856948853,690600,1.8899999856948853
2009-10-30,1.9299999475479126,1.7699999809265137,1.9199999570846558,1.8300000429153442,597300,1.8300000429153442
2009-11-02,1.8700000047683716,1.7699999809265137,1.8300000429153442,1.850000023841858,565600,1.850000023841858
2009-11-03,1.8899999856948853,1.7799999713897705,1.8799999952316284,1.8700000047683716,378500,1.8700000047683716
2009-11-04,1.899999976158142,1.7699999809265137,1.8899999856948853,1.7799999713897705,298800,1.7799999713897705
2009-11-05,1.8700000047683716,1.7999999523162842,1.840000033378601,1.8300000429153442,315500,1.8300000429153442
2009-11-06,1.8799999952316284,1.7999999523162842,1.840000033378601,1.850000023841858,173000,1.850000023841858
2009-11-09,1.8799999952316284,1.7999999523162842,1.850000023841858,1.850000023841858,197900,1.850000023841858
2009-11-10,1.8700000047683716,1.809999942779541,1.840000033378601,1.8600000143051147,167000,1.8600000143051147
2009-11-11,1.9600000381469727,1.8700000047683716,1.8700000047683716,1.8899999856948853,313000,1.8899999856948853
2009-11-12,1.9199999570846558,1.7699999809265137,1.9199999570846558,1.7899999618530273,253200,1.7899999618530273
2009-11-13,1.850000023841858,1.7799999713897705,1.7899999618530273,1.8300000429153442,269900,1.8300000429153442
2009-11-16,1.899999976158142,1.7899999618530273,1.840000033378601,1.809999942779541,374900,1.809999942779541
2009-11-17,1.8200000524520874,1.7899999618530273,1.809999942779541,1.8200000524520874,148300,1.8200000524520874
2009-11-18,1.8200000524520874,1.7300000190734863,1.7999999523162842,1.7699999809265137,463100,1.7699999809265137
2009-11-19,1.7699999809265137,1.7100000381469727,1.7699999809265137,1.7100000381469727,328000,1.7100000381469727
2009-11-20,1.7599999904632568,1.649999976158142,1.7000000476837158,1.7100000381469727,383000,1.7100000381469727
2009-11-23,1.7899999618530273,1.690000057220459,1.7300000190734863,1.7100000381469727,176300,1.7100000381469727
2009-11-24,1.7300000190734863,1.649999976158142,1.7100000381469727,1.6699999570846558,243900,1.6699999570846558
2009-11-25,1.7200000286102295,1.649999976158142,1.6699999570846558,1.649999976158142,186600,1.649999976158142
2009-11-27,1.6699999570846558,1.600000023841858,1.600000023841858,1.600000023841858,163100,1.600000023841858
2009-11-30,1.6399999856948853,1.5299999713897705,1.6399999856948853,1.5800000429153442,698500,1.5800000429153442
2009-12-01,1.659999966621399,1.590000033378601,1.649999976158142,1.6100000143051147,398900,1.6100000143051147
2009-12-02,1.6699999570846558,1.6200000047683716,1.6200000047683716,1.6699999570846558,289500,1.6699999570846558
2009-12-03,1.7300000190734863,1.649999976158142,1.690000057220459,1.6799999475479126,244600,1.6799999475479126
2009-12-04,1.7400000095367432,1.6799999475479126,1.7400000095367432,1.7400000095367432,220200,1.7400000095367432
2009-12-07,1.75,1.7000000476837158,1.7400000095367432,1.7400000095367432,227500,1.7400000095367432
2009-12-08,1.7400000095367432,1.690000057220459,1.7200000286102295,1.7100000381469727,129600,1.7100000381469727
2009-12-09,1.7400000095367432,1.5800000429153442,1.659999966621399,1.659999966621399,745400,1.659999966621399
2009-12-10,1.6799999475479126,1.5499999523162842,1.659999966621399,1.6299999952316284,460400,1.6299999952316284
2009-12-11,1.6299999952316284,1.559999942779541,1.6100000143051147,1.600000023841858,246400,1.600000023841858
2009-12-14,1.6399999856948853,1.5700000524520874,1.5700000524520874,1.6200000047683716,269100,1.6200000047683716
2009-12-15,1.659999966621399,1.6200000047683716,1.649999976158142,1.6399999856948853,358100,1.6399999856948853
2009-12-16,1.7200000286102295,1.6399999856948853,1.659999966621399,1.7100000381469727,381100,1.7100000381469727
2009-12-17,1.7899999618530273,1.690000057220459,1.690000057220459,1.7699999809265137,334700,1.7699999809265137
2009-12-18,1.7899999618530273,1.659999966621399,1.7899999618530273,1.6799999475479126,568100,1.6799999475479126
2009-12-21,1.7100000381469727,1.6299999952316284,1.649999976158142,1.690000057220459,275300,1.690000057220459
2009-12-22,1.6799999475479126,1.649999976158142,1.6799999475479126,1.659999966621399,208200,1.659999966621399
2009-12-23,1.7599999904632568,1.649999976158142,1.659999966621399,1.7400000095367432,296800,1.7400000095367432
2009-12-24,1.75,1.6699999570846558,1.7400000095367432,1.75,174000,1.75
2009-12-28,1.7799999713897705,1.7000000476837158,1.7100000381469727,1.7699999809265137,215300,1.7699999809265137
2009-12-29,1.7799999713897705,1.7100000381469727,1.7799999713897705,1.7300000190734863,192500,1.7300000190734863
2009-12-30,1.75,1.690000057220459,1.7200000286102295,1.7100000381469727,240000,1.7100000381469727
2009-12-31,1.7999999523162842,1.6699999570846558,1.6799999475479126,1.7100000381469727,309800,1.7100000381469727
2010-01-04,1.7899999618530273,1.690000057220459,1.7000000476837158,1.7799999713897705,248100,1.7799999713897705
2010-01-05,1.7799999713897705,1.7000000476837158,1.7799999713897705,1.7000000476837158,152300,1.7000000476837158
2010-01-06,1.7899999618530273,1.690000057220459,1.7000000476837158,1.7000000476837158,385900,1.7000000476837158
2010-01-07,2.3499999046325684,1.7999999523162842,1.7999999523162842,2.2200000286102295,3830700,2.2200000286102295
2010-01-08,2.299999952316284,2.0299999713897705,2.299999952316284,2.119999885559082,1409000,2.119999885559082
2010-01-11,2.1500000953674316,2.049999952316284,2.1500000953674316,2.0799999237060547,458400,2.0799999237060547
2010-01-12,2.0899999141693115,2.0199999809265137,2.0799999237060547,2.049999952316284,511600,2.049999952316284
2010-01-13,2.1500000953674316,2.049999952316284,2.109999895095825,2.0999999046325684,527900,2.0999999046325684
2010-01-14,2.130000114440918,2.059999942779541,2.109999895095825,2.109999895095825,443400,2.109999895095825
2010-01-15,2.130000114440918,2.0299999713897705,2.130000114440918,2.059999942779541,470400,2.059999942779541
2010-01-19,2.130000114440918,2.049999952316284,2.059999942779541,2.119999885559082,521200,2.119999885559082
2010-01-20,2.119999885559082,2.0199999809265137,2.119999885559082,2.049999952316284,434300,2.049999952316284
2010-01-21,2.0799999237060547,1.9500000476837158,2.049999952316284,1.9900000095367432,507700,1.9900000095367432
2010-01-22,1.9900000095367432,1.940000057220459,1.9800000190734863,1.940000057220459,394700,1.940000057220459
2010-01-25,1.9900000095367432,1.940000057220459,1.9500000476837158,1.9700000286102295,488900,1.9700000286102295
2010-01-26,1.9800000190734863,1.899999976158142,1.9700000286102295,1.899999976158142,601600,1.899999976158142
2010-01-27,1.909999966621399,1.8700000047683716,1.8899999856948853,1.8700000047683716,410200,1.8700000047683716
2010-01-28,1.909999966621399,1.8700000047683716,1.8799999952316284,1.8799999952316284,269900,1.8799999952316284
2010-01-29,1.9199999570846558,1.8200000524520874,1.8799999952316284,1.8799999952316284,510100,1.8799999952316284
2010-02-01,1.8799999952316284,1.8200000524520874,1.8799999952316284,1.850000023841858,172400,1.850000023841858
2010-02-02,1.8600000143051147,1.809999942779541,1.850000023841858,1.840000033378601,271200,1.840000033378601
2010-02-03,1.8600000143051147,1.809999942779541,1.850000023841858,1.8200000524520874,222100,1.8200000524520874
2010-02-04,1.840000033378601,1.809999942779541,1.809999942779541,1.8200000524520874,410600,1.8200000524520874
2010-02-05,1.8300000429153442,1.7999999523162842,1.8200000524520874,1.8300000429153442,390200,1.8300000429153442
2010-02-08,1.840000033378601,1.809999942779541,1.8300000429153442,1.8200000524520874,163700,1.8200000524520874
2010-02-09,1.909999966621399,1.840000033378601,1.850000023841858,1.8899999856948853,172200,1.8899999856948853
2010-02-10,1.9500000476837158,1.8799999952316284,1.8899999856948853,1.909999966621399,427500,1.909999966621399
2010-02-11,2.0799999237060547,1.8899999856948853,1.899999976158142,2.059999942779541,409300,2.059999942779541
2010-02-12,2.0999999046325684,1.9700000286102295,2.049999952316284,2.0999999046325684,406500,2.0999999046325684
2010-02-16,2.200000047683716,2.0999999046325684,2.130000114440918,2.180000066757202,657100,2.180000066757202
2010-02-17,2.190000057220459,1.9900000095367432,2.190000057220459,2.059999942779541,790700,2.059999942779541
2010-02-18,2.059999942779541,2.0,2.049999952316284,2.049999952316284,194400,2.049999952316284
2010-02-19,2.0399999618530273,2.0,2.0399999618530273,2.0199999809265137,297600,2.0199999809265137
2010-02-22,2.0299999713897705,1.9600000381469727,2.0199999809265137,2.0,335400,2.0
2010-02-23,2.0299999713897705,1.9500000476837158,2.0,2.0199999809265137,347700,2.0199999809265137
2010-02-24,2.0199999809265137,1.8200000524520874,2.0199999809265137,1.9299999475479126,572400,1.9299999475479126
2010-02-25,1.9600000381469727,1.8899999856948853,1.899999976158142,1.9600000381469727,220900,1.9600000381469727
2010-02-26,1.9900000095367432,1.8799999952316284,1.9500000476837158,1.9299999475479126,297800,1.9299999475479126
2010-03-01,2.1500000953674316,1.940000057220459,1.9500000476837158,2.140000104904175,1110000,2.140000104904175
2010-03-02,2.190000057220459,2.0999999046325684,2.140000104904175,2.140000104904175,479900,2.140000104904175
2010-03-03,2.180000066757202,2.109999895095825,2.109999895095825,2.180000066757202,496600,2.180000066757202
2010-03-04,2.180000066757202,2.0999999046325684,2.180000066757202,2.1500000953674316,184000,2.1500000953674316
2010-03-05,2.190000057220459,2.1500000953674316,2.1600000858306885,2.190000057220459,343700,2.190000057220459
2010-03-08,2.2699999809265137,2.190000057220459,2.200000047683716,2.2699999809265137,397000,2.2699999809265137
2010-03-09,2.3299999237060547,2.1600000858306885,2.2699999809265137,2.190000057220459,771800,2.190000057220459
2010-03-10,2.25,2.1500000953674316,2.180000066757202,2.190000057220459,344600,2.190000057220459
2010-03-11,2.240000009536743,2.1500000953674316,2.190000057220459,2.2300000190734863,393000,2.2300000190734863
2010-03-12,2.25,2.1500000953674316,2.240000009536743,2.190000057220459,429500,2.190000057220459
2010-03-15,2.299999952316284,2.240000009536743,2.259999990463257,2.2899999618530273,614100,2.2899999618530273
2010-03-16,2.4100000858306885,2.259999990463257,2.2899999618530273,2.390000104904175,835300,2.390000104904175
2010-03-17,2.509999990463257,2.4000000953674316,2.430000066757202,2.4000000953674316,893000,2.4000000953674316
2010-03-18,2.4700000286102295,2.3399999141693115,2.440000057220459,2.359999895095825,466600,2.359999895095825
2010-03-19,2.359999895095825,2.0,2.359999895095825,2.2100000381469727,1102300,2.2100000381469727
2010-03-22,2.25,2.0799999237060547,2.109999895095825,2.25,477800,2.25
2010-03-23,2.2899999618530273,2.2100000381469727,2.259999990463257,2.2699999809265137,371400,2.2699999809265137
2010-03-24,2.2699999809265137,2.190000057220459,2.2699999809265137,2.2100000381469727,272300,2.2100000381469727
2010-03-25,2.240000009536743,2.1500000953674316,2.2300000190734863,2.1500000953674316,248300,2.1500000953674316
2010-03-26,2.2200000286102295,2.140000104904175,2.140000104904175,2.1600000858306885,296300,2.1600000858306885
2010-03-29,2.2100000381469727,2.109999895095825,2.1600000858306885,2.130000114440918,242400,2.130000114440918
2010-03-30,2.180000066757202,2.0999999046325684,2.1500000953674316,2.1700000762939453,392000,2.1700000762939453
2010-03-31,2.319999933242798,2.119999885559082,2.130000114440918,2.309999942779541,745500,2.309999942779541
2010-04-01,2.380000114440918,2.25,2.319999933242798,2.2899999618530273,548800,2.2899999618530273
2010-04-05,2.380000114440918,2.2699999809265137,2.2699999809265137,2.359999895095825,318300,2.359999895095825
2010-04-06,2.369999885559082,2.299999952316284,2.3399999141693115,2.3399999141693115,308600,2.3399999141693115
2010-04-07,2.6600000858306885,2.4100000858306885,2.4600000381469727,2.450000047683716,1964400,2.450000047683716
2010-04-08,2.4800000190734863,2.4100000858306885,2.4600000381469727,2.4100000858306885,399900,2.4100000858306885
2010-04-09,2.4800000190734863,2.4200000762939453,2.4800000190734863,2.4600000381469727,449200,2.4600000381469727
2010-04-12,2.549999952316284,2.4800000190734863,2.490000009536743,2.5,436600,2.5
2010-04-13,2.569999933242798,2.369999885559082,2.5,2.440000057220459,566000,2.440000057220459
2010-04-14,2.630000114440918,2.450000047683716,2.450000047683716,2.5999999046325684,692200,2.5999999046325684
2010-04-15,2.6700000762939453,2.5299999713897705,2.609999895095825,2.5999999046325684,557000,2.5999999046325684
2010-04-16,2.5999999046325684,2.490000009536743,2.5999999046325684,2.5199999809265137,714400,2.5199999809265137
2010-04-19,2.559999942779541,2.4800000190734863,2.5,2.5199999809265137,369800,2.5199999809265137
2010-04-20,2.569999933242798,2.5,2.509999990463257,2.5199999809265137,302800,2.5199999809265137
2010-04-21,2.569999933242798,2.4700000286102295,2.569999933242798,2.509999990463257,365500,2.509999990463257
2010-04-22,2.640000104904175,2.4200000762939453,2.4700000286102295,2.640000104904175,681700,2.640000104904175
2010-04-23,2.640000104904175,2.5199999809265137,2.640000104904175,2.5999999046325684,494000,2.5999999046325684
2010-04-26,2.6500000953674316,2.549999952316284,2.640000104904175,2.549999952316284,360500,2.549999952316284
2010-04-27,2.690000057220459,2.5299999713897705,2.5299999713897705,2.569999933242798,799300,2.569999933242798
2010-04-28,2.700000047683716,2.4800000190734863,2.680000066757202,2.5399999618530273,667300,2.5399999618530273
2010-04-29,2.5899999141693115,2.430000066757202,2.569999933242798,2.569999933242798,640000,2.569999933242798
2010-04-30,2.5999999046325684,2.4600000381469727,2.5899999141693115,2.4700000286102295,558100,2.4700000286102295
2010-05-03,2.5899999141693115,2.4700000286102295,2.4700000286102295,2.5899999141693115,424300,2.5899999141693115
2010-05-04,2.5399999618530273,2.440000057220459,2.5399999618530273,2.4600000381469727,453000,2.4600000381469727
2010-05-05,2.490000009536743,2.2200000286102295,2.430000066757202,2.4200000762939453,522500,2.4200000762939453
2010-05-06,2.4600000381469727,2.2799999713897705,2.4200000762939453,2.309999942779541,542600,2.309999942779541
2010-05-07,2.440000057220459,2.190000057220459,2.309999942779541,2.25,894300,2.25
2010-05-10,2.4800000190734863,2.309999942779541,2.3499999046325684,2.4600000381469727,649200,2.4600000381469727
2010-05-11,2.4600000381469727,2.3399999141693115,2.430000066757202,2.430000066757202,262500,2.430000066757202
2010-05-12,2.490000009536743,2.4000000953674316,2.4000000953674316,2.4800000190734863,416700,2.4800000190734863
2010-05-13,2.5199999809265137,2.4600000381469727,2.5,2.5,353300,2.5
2010-05-14,2.4800000190734863,2.369999885559082,2.4800000190734863,2.390000104904175,282700,2.390000104904175
2010-05-17,2.430000066757202,2.3399999141693115,2.390000104904175,2.4200000762939453,217200,2.4200000762939453
2010-05-18,2.4200000762939453,2.3499999046325684,2.4200000762939453,2.359999895095825,241500,2.359999895095825
2010-05-19,2.359999895095825,2.2699999809265137,2.3399999141693115,2.2899999618530273,520400,2.2899999618530273
2010-05-20,2.299999952316284,2.200000047683716,2.25,2.200000047683716,522000,2.200000047683716
2010-05-21,2.259999990463257,2.109999895095825,2.1600000858306885,2.2200000286102295,468000,2.2200000286102295
2010-05-24,2.3299999237060547,2.2300000190734863,2.2300000190734863,2.2699999809265137,201000,2.2699999809265137
2010-05-25,2.240000009536743,2.0899999141693115,2.1500000953674316,2.2100000381469727,305800,2.2100000381469727
2010-05-26,2.319999933242798,2.1500000953674316,2.2200000286102295,2.1500000953674316,168500,2.1500000953674316
2010-05-27,2.4000000953674316,2.2200000286102295,2.2300000190734863,2.4000000953674316,600000,2.4000000953674316
2010-05-28,2.4200000762939453,2.319999933242798,2.369999885559082,2.3499999046325684,265800,2.3499999046325684
2010-06-01,2.359999895095825,2.309999942779541,2.309999942779541,2.3299999237060547,206100,2.3299999237060547
2010-06-02,2.430000066757202,2.319999933242798,2.319999933242798,2.430000066757202,361000,2.430000066757202
2010-06-03,2.5199999809265137,2.4100000858306885,2.450000047683716,2.5,448300,2.5
2010-06-04,2.4700000286102295,2.380000114440918,2.440000057220459,2.4100000858306885,410700,2.4100000858306885
2010-06-07,2.440000057220459,2.369999885559082,2.4100000858306885,2.4000000953674316,377800,2.4000000953674316
2010-06-08,2.450000047683716,2.2799999713897705,2.4200000762939453,2.309999942779541,340400,2.309999942779541
2010-06-09,2.3399999141693115,2.200000047683716,2.3399999141693115,2.240000009536743,295900,2.240000009536743
2010-06-10,2.3399999141693115,2.259999990463257,2.309999942779541,2.3399999141693115,266300,2.3399999141693115
2010-06-11,2.369999885559082,2.259999990463257,2.299999952316284,2.2799999713897705,188700,2.2799999713897705
2010-06-14,2.3499999046325684,2.2699999809265137,2.319999933242798,2.309999942779541,331300,2.309999942779541
2010-06-15,2.5,2.2799999713897705,2.380000114440918,2.5,434700,2.5
2010-06-16,2.5,2.390000104904175,2.4600000381469727,2.430000066757202,437800,2.430000066757202
2010-06-17,2.4600000381469727,2.3299999237060547,2.4600000381469727,2.359999895095825,545200,2.359999895095825
2010-06-18,2.380000114440918,2.2699999809265137,2.380000114440918,2.2899999618530273,638800,2.2899999618530273
2010-06-21,2.3499999046325684,2.2300000190734863,2.319999933242798,2.240000009536743,358900,2.240000009536743
2010-06-22,2.2799999713897705,2.1600000858306885,2.259999990463257,2.1700000762939453,508300,2.1700000762939453
2010-06-23,2.299999952316284,2.1600000858306885,2.180000066757202,2.2100000381469727,168900,2.2100000381469727
2010-06-24,2.2300000190734863,2.1700000762939453,2.200000047683716,2.200000047683716,200700,2.200000047683716
2010-06-25,2.3499999046325684,2.180000066757202,2.2200000286102295,2.3499999046325684,1546400,2.3499999046325684
2010-06-28,2.4000000953674316,2.2799999713897705,2.319999933242798,2.359999895095825,248600,2.359999895095825
2010-06-29,2.3399999141693115,2.2300000190734863,2.309999942779541,2.25,577500,2.25
2010-06-30,2.319999933242798,2.2300000190734863,2.25,2.259999990463257,221700,2.259999990463257
2010-07-01,2.259999990463257,2.1700000762939453,2.25,2.25,410600,2.25
2010-07-02,2.299999952316284,2.2100000381469727,2.2699999809265137,2.240000009536743,150700,2.240000009536743
2010-07-06,2.2699999809265137,2.0999999046325684,2.2699999809265137,2.130000114440918,242300,2.130000114440918
2010-07-07,2.259999990463257,2.140000104904175,2.1500000953674316,2.2200000286102295,238600,2.2200000286102295
2010-07-08,2.259999990463257,2.1700000762939453,2.25,2.240000009536743,161500,2.240000009536743
2010-07-09,2.259999990463257,2.1500000953674316,2.2200000286102295,2.259999990463257,145200,2.259999990463257
2010-07-12,2.259999990463257,2.1500000953674316,2.1500000953674316,2.180000066757202,85300,2.180000066757202
2010-07-13,2.2799999713897705,2.1700000762939453,2.2300000190734863,2.200000047683716,309500,2.200000047683716
2010-07-14,2.2899999618530273,2.2100000381469727,2.2100000381469727,2.259999990463257,194100,2.259999990463257
2010-07-15,2.2799999713897705,2.200000047683716,2.2799999713897705,2.2200000286102295,115300,2.2200000286102295
2010-07-16,2.2300000190734863,2.1500000953674316,2.190000057220459,2.200000047683716,274300,2.200000047683716
2010-07-19,2.2100000381469727,2.180000066757202,2.180000066757202,2.190000057220459,188400,2.190000057220459
2010-07-20,2.240000009536743,2.180000066757202,2.180000066757202,2.2300000190734863,135000,2.2300000190734863
2010-07-21,2.25,2.190000057220459,2.2300000190734863,2.200000047683716,122000,2.200000047683716
2010-07-22,2.309999942779541,2.200000047683716,2.240000009536743,2.309999942779541,239000,2.309999942779541
2010-07-23,2.380000114440918,2.2899999618530273,2.3299999237060547,2.380000114440918,211900,2.380000114440918
2010-07-26,2.390000104904175,2.359999895095825,2.390000104904175,2.390000104904175,244100,2.390000104904175
2010-07-27,2.440000057220459,2.319999933242798,2.4000000953674316,2.3399999141693115,385200,2.3399999141693115
2010-07-28,2.450000047683716,2.2699999809265137,2.3299999237060547,2.3399999141693115,377500,2.3399999141693115
2010-07-29,2.369999885559082,2.2300000190734863,2.3399999141693115,2.2300000190734863,414100,2.2300000190734863
2010-07-30,2.2899999618530273,2.200000047683716,2.2100000381469727,2.2799999713897705,273500,2.2799999713897705
2010-08-02,2.369999885559082,2.309999942779541,2.3299999237060547,2.359999895095825,358800,2.359999895095825
2010-08-03,2.369999885559082,2.319999933242798,2.3399999141693115,2.3399999141693115,171400,2.3399999141693115
2010-08-04,2.440000057220459,2.359999895095825,2.369999885559082,2.430000066757202,391900,2.430000066757202
2010-08-05,2.450000047683716,2.369999885559082,2.369999885559082,2.430000066757202,227800,2.430000066757202
2010-08-06,2.4200000762939453,2.369999885559082,2.380000114440918,2.380000114440918,334700,2.380000114440918
2010-08-09,2.4000000953674316,2.299999952316284,2.380000114440918,2.319999933242798,326300,2.319999933242798
2010-08-10,2.3299999237060547,2.2300000190734863,2.2899999618530273,2.2699999809265137,316500,2.2699999809265137
2010-08-11,2.25,2.1500000953674316,2.2100000381469727,2.1700000762939453,468600,2.1700000762939453
2010-08-12,2.240000009536743,2.1500000953674316,2.190000057220459,2.2300000190734863,298000,2.2300000190734863
2010-08-13,2.2699999809265137,2.130000114440918,2.2100000381469727,2.259999990463257,471900,2.259999990463257
2010-08-16,2.2699999809265137,2.2200000286102295,2.240000009536743,2.2699999809265137,171100,2.2699999809265137
2010-08-17,2.369999885559082,2.2699999809265137,2.2799999713897705,2.3299999237060547,471700,2.3299999237060547
2010-08-18,2.369999885559082,2.2899999618530273,2.309999942779541,2.359999895095825,261800,2.359999895095825
2010-08-19,2.359999895095825,2.2799999713897705,2.3299999237060547,2.359999895095825,411100,2.359999895095825
2010-08-20,2.3499999046325684,2.25,2.319999933242798,2.3499999046325684,400200,2.3499999046325684
2010-08-23,2.369999885559082,2.2899999618530273,2.3499999046325684,2.359999895095825,325600,2.359999895095825
2010-08-24,2.3399999141693115,2.25,2.2699999809265137,2.3299999237060547,318400,2.3299999237060547
2010-08-25,2.3499999046325684,2.2799999713897705,2.2899999618530273,2.3299999237060547,170000,2.3299999237060547
2010-08-26,2.380000114440918,2.299999952316284,2.3299999237060547,2.359999895095825,235500,2.359999895095825
2010-08-27,2.450000047683716,2.3499999046325684,2.369999885559082,2.450000047683716,727000,2.450000047683716
2010-08-30,2.7799999713897705,2.4100000858306885,2.430000066757202,2.759999990463257,2144300,2.759999990463257
2010-08-31,2.8299999237060547,2.630000114440918,2.7200000286102295,2.6700000762939453,1183600,2.6700000762939453
2010-09-01,2.7799999713897705,2.5999999046325684,2.7300000190734863,2.7699999809265137,856100,2.7699999809265137
2010-09-02,2.8399999141693115,2.680000066757202,2.7699999809265137,2.7300000190734863,989200,2.7300000190734863
2010-09-03,2.819999933242798,2.640000104904175,2.680000066757202,2.759999990463257,1480200,2.759999990463257
2010-09-07,2.940000057220459,2.7100000381469727,2.740000009536743,2.7300000190734863,971400,2.7300000190734863
2010-09-08,2.8499999046325684,2.690000057220459,2.8499999046325684,2.7300000190734863,380400,2.7300000190734863
2010-09-09,2.7799999713897705,2.700000047683716,2.75,2.7100000381469727,216000,2.7100000381469727
2010-09-10,2.7699999809265137,2.6500000953674316,2.7300000190734863,2.740000009536743,485900,2.740000009536743
2010-09-13,2.9200000762939453,2.759999990463257,2.7799999713897705,2.859999895095825,746400,2.859999895095825
2010-09-14,2.880000114440918,2.7899999618530273,2.8499999046325684,2.809999942779541,715300,2.809999942779541
2010-09-15,2.8499999046325684,2.7699999809265137,2.7799999713897705,2.799999952316284,212800,2.799999952316284
2010-09-16,2.9200000762939453,2.75,2.7799999713897705,2.7699999809265137,521500,2.7699999809265137
2010-09-17,2.819999933242798,2.7699999809265137,2.809999942779541,2.7799999713897705,326200,2.7799999713897705
2010-09-20,2.8399999141693115,2.759999990463257,2.7799999713897705,2.819999933242798,238000,2.819999933242798
2010-09-21,2.940000057220459,2.8299999237060547,2.8299999237060547,2.869999885559082,424400,2.869999885559082
2010-09-22,2.9200000762939453,2.799999952316284,2.880000114440918,2.819999933242798,216000,2.819999933242798
2010-09-23,2.8499999046325684,2.759999990463257,2.7899999618530273,2.8499999046325684,402600,2.8499999046325684
2010-09-24,2.940000057220459,2.819999933242798,2.869999885559082,2.9200000762939453,584800,2.9200000762939453
2010-09-27,2.940000057220459,2.8499999046325684,2.930000066757202,2.880000114440918,336600,2.880000114440918
2010-09-28,2.9000000953674316,2.809999942779541,2.880000114440918,2.859999895095825,432900,2.859999895095825
2010-09-29,2.859999895095825,2.799999952316284,2.8499999046325684,2.799999952316284,201500,2.799999952316284
2010-09-30,2.859999895095825,2.7699999809265137,2.8299999237060547,2.8399999141693115,379600,2.8399999141693115
2010-10-01,2.8499999046325684,2.7799999713897705,2.8499999046325684,2.819999933242798,130300,2.819999933242798
2010-10-04,2.8499999046325684,2.700000047683716,2.799999952316284,2.7699999809265137,343500,2.7699999809265137
2010-10-05,2.8499999046325684,2.759999990463257,2.809999942779541,2.7699999809265137,484500,2.7699999809265137
2010-10-06,2.799999952316284,2.7100000381469727,2.75,2.75,331500,2.75
2010-10-07,2.7899999618530273,2.7300000190734863,2.7799999713897705,2.75,153300,2.75
2010-10-08,2.819999933242798,2.7200000286102295,2.759999990463257,2.809999942779541,187000,2.809999942779541
2010-10-11,2.8399999141693115,2.7799999713897705,2.819999933242798,2.8399999141693115,176200,2.8399999141693115
2010-10-12,2.950000047683716,2.7799999713897705,2.819999933242798,2.950000047683716,650200,2.950000047683716
2010-10-13,3.049999952316284,2.940000057220459,2.9800000190734863,3.0,1400500,3.0
2010-10-14,3.0399999618530273,2.9600000381469727,3.0,2.9800000190734863,1087300,2.9800000190734863
2010-10-15,3.0999999046325684,2.9800000190734863,3.0299999713897705,3.0,998600,3.0
2010-10-18,3.059999942779541,2.9600000381469727,3.0,3.059999942779541,212200,3.059999942779541
2010-10-19,3.0399999618530273,2.9100000858306885,3.0,2.9200000762939453,318400,2.9200000762939453
2010-10-20,3.0999999046325684,2.9200000762939453,2.9200000762939453,3.0899999141693115,444200,3.0899999141693115
2010-10-21,3.25,3.0899999141693115,3.0899999141693115,3.190000057220459,1233100,3.190000057220459
2010-10-22,3.3499999046325684,3.180000066757202,3.190000057220459,3.319999933242798,1391900,3.319999933242798
2010-10-25,3.4200000762939453,3.309999942779541,3.319999933242798,3.3399999141693115,1785100,3.3399999141693115
2010-10-26,3.7899999618530273,3.3399999141693115,3.3399999141693115,3.7899999618530273,3326100,3.7899999618530273
2010-10-27,3.799999952316284,3.619999885559082,3.75,3.740000009536743,1325900,3.740000009536743
2010-10-28,3.740000009536743,3.4700000286102295,3.6500000953674316,3.680000066757202,1848900,3.680000066757202
2010-10-29,3.950000047683716,3.5899999141693115,3.6600000858306885,3.890000104904175,1567600,3.890000104904175
2010-11-01,3.9800000190734863,3.7699999809265137,3.890000104904175,3.809999942779541,1313600,3.809999942779541
2010-11-02,4.070000171661377,3.809999942779541,3.8499999046325684,4.039999961853027,1862500,4.039999961853027
2010-11-03,4.179999828338623,3.9100000858306885,4.179999828338623,4.010000228881836,1141400,4.010000228881836
2010-11-04,4.119999885559082,3.9800000190734863,4.050000190734863,4.059999942779541,970000,4.059999942779541
2010-11-05,4.050000190734863,3.680000066757202,4.03000020980835,3.7699999809265137,1607000,3.7699999809265137
2010-11-08,4.050000190734863,3.700000047683716,3.7799999713897705,3.9700000286102295,1227000,3.9700000286102295
2010-11-09,4.010000228881836,3.819999933242798,3.990000009536743,3.819999933242798,632200,3.819999933242798
2010-11-10,4.0,3.799999952316284,3.8399999141693115,3.9800000190734863,585300,3.9800000190734863
2010-11-11,4.050000190734863,3.9200000762939453,3.940000057220459,4.0,730600,4.0
2010-11-12,4.0,3.9000000953674316,3.990000009536743,3.9600000381469727,787900,3.9600000381469727
2010-11-15,4.0,3.809999942779541,4.0,3.859999895095825,607700,3.859999895095825
2010-11-16,3.819999933242798,3.559999942779541,3.799999952316284,3.6600000858306885,891900,3.6600000858306885
2010-11-17,3.7300000190734863,3.5999999046325684,3.680000066757202,3.6600000858306885,343900,3.6600000858306885
2010-11-18,3.7799999713897705,3.680000066757202,3.690000057220459,3.7799999713897705,391300,3.7799999713897705
2010-11-19,3.8499999046325684,3.7300000190734863,3.7799999713897705,3.8499999046325684,232200,3.8499999046325684
2010-11-22,3.940000057220459,3.799999952316284,3.8499999046325684,3.869999885559082,272600,3.869999885559082
2010-11-23,3.9000000953674316,3.680000066757202,3.819999933242798,3.7200000286102295,498400,3.7200000286102295
2010-11-24,3.880000114440918,3.7300000190734863,3.7699999809265137,3.8299999237060547,353300,3.8299999237060547
2010-11-26,3.869999885559082,3.7100000381469727,3.7100000381469727,3.8299999237060547,84300,3.8299999237060547
2010-11-29,3.8299999237060547,3.690000057220459,3.7899999618530273,3.7799999713897705,320100,3.7799999713897705
2010-11-30,3.869999885559082,3.630000114440918,3.75,3.8399999141693115,584100,3.8399999141693115
2010-12-01,3.950000047683716,3.700000047683716,3.869999885559082,3.7100000381469727,560200,3.7100000381469727
2010-12-02,3.7899999618530273,3.700000047683716,3.75,3.759999990463257,368800,3.759999990463257
2010-12-03,3.7799999713897705,3.700000047683716,3.7300000190734863,3.7799999713897705,267600,3.7799999713897705
2010-12-06,3.9200000762939453,3.7300000190734863,3.799999952316284,3.890000104904175,471600,3.890000104904175
2010-12-07,4.289999961853027,3.930000066757202,3.930000066757202,4.25,2852600,4.25
2010-12-08,4.349999904632568,4.039999961853027,4.329999923706055,4.159999847412109,872200,4.159999847412109
2010-12-09,4.300000190734863,4.139999866485596,4.179999828338623,4.269999980926514,371000,4.269999980926514
2010-12-10,4.449999809265137,4.25,4.300000190734863,4.380000114440918,833400,4.380000114440918
2010-12-13,4.389999866485596,4.179999828338623,4.380000114440918,4.190000057220459,702800,4.190000057220459
2010-12-14,4.230000019073486,4.110000133514404,4.21999979019165,4.150000095367432,567600,4.150000095367432
2010-12-15,4.199999809265137,4.070000171661377,4.179999828338623,4.090000152587891,566300,4.090000152587891
2010-12-16,4.170000076293945,4.050000190734863,4.110000133514404,4.159999847412109,299800,4.159999847412109
2010-12-17,4.380000114440918,4.170000076293945,4.170000076293945,4.239999771118164,844900,4.239999771118164
2010-12-20,4.329999923706055,4.119999885559082,4.239999771118164,4.190000057220459,427200,4.190000057220459
2010-12-21,4.320000171661377,4.199999809265137,4.21999979019165,4.25,328700,4.25
2010-12-22,4.289999961853027,4.150000095367432,4.289999961853027,4.179999828338623,195600,4.179999828338623
2010-12-23,4.320000171661377,4.179999828338623,4.179999828338623,4.230000019073486,217900,4.230000019073486
2010-12-27,4.550000190734863,4.170000076293945,4.230000019073486,4.489999771118164,882100,4.489999771118164
2010-12-28,4.489999771118164,4.21999979019165,4.46999979019165,4.260000228881836,786400,4.260000228881836
2010-12-29,4.380000114440918,4.239999771118164,4.300000190734863,4.28000020980835,521000,4.28000020980835
2010-12-30,4.389999866485596,4.239999771118164,4.289999961853027,4.309999942779541,334700,4.309999942779541
2010-12-31,4.349999904632568,4.25,4.320000171661377,4.269999980926514,500600,4.269999980926514
2011-01-03,4.480000019073486,4.25,4.300000190734863,4.349999904632568,633800,4.349999904632568
2011-01-04,4.420000076293945,4.199999809265137,4.349999904632568,4.25,356300,4.25
2011-01-05,4.320000171661377,4.170000076293945,4.260000228881836,4.300000190734863,352600,4.300000190734863
2011-01-06,4.389999866485596,4.269999980926514,4.289999961853027,4.369999885559082,528500,4.369999885559082
2011-01-07,4.679999828338623,4.369999885559082,4.369999885559082,4.639999866485596,2650600,4.639999866485596
2011-01-10,4.75,4.550000190734863,4.639999866485596,4.730000019073486,1609000,4.730000019073486
2011-01-11,4.800000190734863,4.639999866485596,4.730000019073486,4.699999809265137,1032400,4.699999809265137
2011-01-12,4.75,4.639999866485596,4.699999809265137,4.679999828338623,704400,4.679999828338623
2011-01-13,4.849999904632568,4.630000114440918,4.670000076293945,4.739999771118164,662500,4.739999771118164
2011-01-14,4.760000228881836,4.639999866485596,4.75,4.710000038146973,442700,4.710000038146973
2011-01-18,4.75,4.650000095367432,4.659999847412109,4.71999979019165,503700,4.71999979019165
2011-01-19,4.71999979019165,4.639999866485596,4.710000038146973,4.679999828338623,942100,4.679999828338623
2011-01-20,4.650000095367432,4.03000020980835,4.650000095367432,4.369999885559082,2347600,4.369999885559082
2011-01-21,4.570000171661377,4.369999885559082,4.380000114440918,4.539999961853027,1117800,4.539999961853027
2011-01-24,4.53000020980835,4.380000114440918,4.53000020980835,4.5,742200,4.5
2011-01-25,4.550000190734863,4.349999904632568,4.46999979019165,4.489999771118164,569000,4.489999771118164
2011-01-26,4.699999809265137,4.480000019073486,4.480000019073486,4.590000152587891,786600,4.590000152587891
2011-01-27,4.679999828338623,4.5,4.610000133514404,4.610000133514404,386400,4.610000133514404
2011-01-28,4.610000133514404,4.360000133514404,4.590000152587891,4.409999847412109,709400,4.409999847412109
2011-01-31,4.519999980926514,4.300000190734863,4.409999847412109,4.5,649300,4.5
2011-02-01,4.71999979019165,4.510000228881836,4.550000190734863,4.619999885559082,704600,4.619999885559082
2011-02-02,4.75,4.619999885559082,4.630000114440918,4.679999828338623,699200,4.679999828338623
2011-02-03,4.699999809265137,4.570000171661377,4.690000057220459,4.610000133514404,329300,4.610000133514404
2011-02-04,4.679999828338623,4.550000190734863,4.590000152587891,4.659999847412109,535200,4.659999847412109
2011-02-07,4.820000171661377,4.630000114440918,4.650000095367432,4.679999828338623,872400,4.679999828338623
2011-02-08,4.769999980926514,4.619999885559082,4.670000076293945,4.75,609500,4.75
2011-02-09,4.880000114440918,4.659999847412109,4.75,4.699999809265137,876500,4.699999809265137
2011-02-10,4.860000133514404,4.610000133514404,4.679999828338623,4.650000095367432,1281900,4.650000095367432
2011-02-11,4.650000095367432,4.090000152587891,4.650000095367432,4.130000114440918,3222400,4.130000114440918
2011-02-14,4.289999961853027,4.079999923706055,4.150000095367432,4.099999904632568,1696200,4.099999904632568
2011-02-15,4.25,3.950000047683716,4.150000095367432,3.9800000190734863,2276800,3.9800000190734863
2011-02-16,4.21999979019165,4.03000020980835,4.059999942779541,4.130000114440918,2074400,4.130000114440918
2011-02-17,4.179999828338623,3.890000104904175,4.130000114440918,3.9100000858306885,1722200,3.9100000858306885
2011-02-18,4.010000228881836,3.7699999809265137,3.940000057220459,3.9100000858306885,2036200,3.9100000858306885
2011-02-22,3.9000000953674316,3.700000047683716,3.9000000953674316,3.700000047683716,2282700,3.700000047683716
2011-02-23,3.859999895095825,3.4000000953674316,3.859999895095825,3.5799999237060547,3972200,3.5799999237060547
2011-02-24,3.6500000953674316,3.4800000190734863,3.5799999237060547,3.559999942779541,1807200,3.559999942779541
2011-02-25,3.680000066757202,3.559999942779541,3.559999942779541,3.640000104904175,1355400,3.640000104904175
2011-02-28,3.7699999809265137,3.6600000858306885,3.680000066757202,3.690000057220459,2213000,3.690000057220459
2011-03-01,3.680000066757202,3.4200000762939453,3.680000066757202,3.450000047683716,1521800,3.450000047683716
2011-03-02,3.569999933242798,3.4100000858306885,3.440000057220459,3.559999942779541,998800,3.559999942779541
2011-03-03,3.7100000381469727,3.549999952316284,3.5799999237060547,3.5899999141693115,1559100,3.5899999141693115
2011-03-04,3.6600000858306885,3.5299999713897705,3.630000114440918,3.630000114440918,839900,3.630000114440918
2011-03-07,3.809999942779541,3.5399999618530273,3.690000057220459,3.5899999141693115,1795800,3.5899999141693115
2011-03-08,3.7899999618530273,3.5899999141693115,3.5899999141693115,3.619999885559082,1523500,3.619999885559082
2011-03-09,3.880000114440918,3.630000114440918,3.630000114440918,3.8299999237060547,1979400,3.8299999237060547
2011-03-10,3.859999895095825,3.4700000286102295,3.8499999046325684,3.549999952316284,2130600,3.549999952316284
2011-03-11,3.6500000953674316,3.5,3.5399999618530273,3.5899999141693115,1404100,3.5899999141693115
2011-03-14,3.569999933242798,3.4700000286102295,3.5299999713897705,3.490000009536743,417600,3.490000009536743
2011-03-15,3.549999952316284,3.3399999141693115,3.440000057220459,3.4700000286102295,909700,3.4700000286102295
2011-03-16,3.549999952316284,3.359999895095825,3.4800000190734863,3.380000114440918,985600,3.380000114440918
2011-03-17,3.569999933242798,3.319999933242798,3.450000047683716,3.359999895095825,875100,3.359999895095825
2011-03-18,3.430000066757202,3.2799999713897705,3.4000000953674316,3.3399999141693115,703200,3.3399999141693115
2011-03-21,3.549999952316284,3.359999895095825,3.359999895095825,3.5299999713897705,960900,3.5299999713897705
2011-03-22,3.6600000858306885,3.4600000381469727,3.549999952316284,3.509999990463257,639400,3.509999990463257
2011-03-23,3.569999933242798,3.450000047683716,3.5,3.549999952316284,327100,3.549999952316284
2011-03-24,3.6500000953674316,3.4800000190734863,3.5899999141693115,3.5299999713897705,822000,3.5299999713897705
2011-03-25,3.630000114440918,3.549999952316284,3.559999942779541,3.569999933242798,262600,3.569999933242798
2011-03-28,3.5799999237060547,3.4200000762939453,3.559999942779541,3.4600000381469727,650800,3.4600000381469727
2011-03-29,3.5399999618530273,3.4600000381469727,3.4800000190734863,3.5399999618530273,458600,3.5399999618530273
2011-03-30,3.7200000286102295,3.5299999713897705,3.5899999141693115,3.5799999237060547,1124800,3.5799999237060547
2011-03-31,3.7799999713897705,3.509999990463257,3.549999952316284,3.700000047683716,1046600,3.700000047683716
2011-04-01,3.940000057220459,3.700000047683716,3.7300000190734863,3.9000000953674316,1687400,3.9000000953674316
2011-04-04,4.0,3.7699999809265137,3.950000047683716,3.7799999713897705,1180100,3.7799999713897705
2011-04-05,4.050000190734863,3.7899999618530273,3.7899999618530273,3.9600000381469727,1656700,3.9600000381469727
2011-04-06,4.010000228881836,3.759999990463257,4.0,3.809999942779541,1266600,3.809999942779541
2011-04-07,3.890000104904175,3.7699999809265137,3.819999933242798,3.809999942779541,454700,3.809999942779541
2011-04-08,3.8299999237060547,3.6500000953674316,3.8299999237060547,3.7699999809265137,570800,3.7699999809265137
2011-04-11,3.7699999809265137,3.6500000953674316,3.759999990463257,3.6600000858306885,639900,3.6600000858306885
2011-04-12,3.6500000953674316,3.509999990463257,3.630000114440918,3.5299999713897705,611600,3.5299999713897705
2011-04-13,3.7100000381469727,3.5,3.5399999618530273,3.619999885559082,869700,3.619999885559082
2011-04-14,3.6600000858306885,3.5,3.609999895095825,3.5199999809265137,610200,3.5199999809265137
2011-04-15,3.609999895095825,3.509999990463257,3.509999990463257,3.5799999237060547,504000,3.5799999237060547
2011-04-18,3.5299999713897705,3.450000047683716,3.5299999713897705,3.490000009536743,409800,3.490000009536743
2011-04-19,3.8499999046325684,3.5,3.5,3.7200000286102295,1984600,3.7200000286102295
2011-04-20,3.8399999141693115,3.680000066757202,3.799999952316284,3.740000009536743,929400,3.740000009536743
2011-04-21,3.7899999618530273,3.75,3.7899999618530273,3.7799999713897705,360400,3.7799999713897705
2011-04-25,3.8299999237060547,3.7200000286102295,3.799999952316284,3.75,502200,3.75
2011-04-26,3.819999933242798,3.690000057220459,3.819999933242798,3.7200000286102295,739100,3.7200000286102295
2011-04-27,3.690000057220459,3.3299999237060547,3.6700000762939453,3.369999885559082,2992000,3.369999885559082
2011-04-28,3.440000057220459,3.2799999713897705,3.440000057220459,3.3299999237060547,1100000,3.3299999237060547
2011-04-29,3.369999885559082,3.2799999713897705,3.3299999237060547,3.299999952316284,790000,3.299999952316284
2011-05-02,3.4000000953674316,3.2100000381469727,3.309999942779541,3.2200000286102295,690400,3.2200000286102295
2011-05-03,3.259999990463257,2.9800000190734863,3.2200000286102295,3.0399999618530273,2200000,3.0399999618530273
2011-05-04,3.130000114440918,3.0399999618530273,3.0399999618530273,3.059999942779541,824200,3.059999942779541
2011-05-05,3.2300000190734863,3.049999952316284,3.049999952316284,3.119999885559082,675600,3.119999885559082
2011-05-06,3.309999942779541,3.1700000762939453,3.1700000762939453,3.2899999618530273,703200,3.2899999618530273
2011-05-09,3.369999885559082,3.299999952316284,3.319999933242798,3.3499999046325684,556900,3.3499999046325684
2011-05-10,3.509999990463257,3.3399999141693115,3.359999895095825,3.5,1110200,3.5
2011-05-11,3.5199999809265137,3.390000104904175,3.5199999809265137,3.5,934000,3.5
2011-05-12,3.549999952316284,3.440000057220459,3.4800000190734863,3.4800000190734863,593000,3.4800000190734863
2011-05-13,3.5399999618530273,3.3499999046325684,3.5,3.359999895095825,757300,3.359999895095825
2011-05-16,3.4600000381469727,3.2899999618530273,3.3399999141693115,3.2899999618530273,499800,3.2899999618530273
2011-05-17,3.2799999713897705,3.130000114440918,3.2699999809265137,3.1700000762939453,564500,3.1700000762939453
2011-05-18,3.369999885559082,3.1700000762939453,3.1700000762939453,3.3399999141693115,526400,3.3399999141693115
2011-05-19,3.490000009536743,3.3499999046325684,3.380000114440918,3.430000066757202,976700,3.430000066757202
2011-05-20,3.5,3.309999942779541,3.4100000858306885,3.369999885559082,612800,3.369999885559082
2011-05-23,3.3499999046325684,3.2100000381469727,3.299999952316284,3.25,573200,3.25
2011-05-24,3.5199999809265137,3.3399999141693115,3.380000114440918,3.3499999046325684,1284700,3.3499999046325684
2011-05-25,3.5199999809265137,3.3399999141693115,3.3399999141693115,3.450000047683716,1276300,3.450000047683716
2011-05-26,3.7300000190734863,3.430000066757202,3.4600000381469727,3.680000066757202,2118800,3.680000066757202
2011-05-27,3.8499999046325684,3.6500000953674316,3.7100000381469727,3.799999952316284,1722700,3.799999952316284
2011-05-31,3.930000066757202,3.680000066757202,3.859999895095825,3.809999942779541,1213500,3.809999942779541
2011-06-01,3.8299999237060547,3.630000114440918,3.809999942779541,3.640000104904175,1061600,3.640000104904175
2011-06-02,3.7300000190734863,3.559999942779541,3.6600000858306885,3.630000114440918,883400,3.630000114440918
2011-06-03,3.6500000953674316,3.4700000286102295,3.569999933242798,3.559999942779541,873600,3.559999942779541
2011-06-06,3.5999999046325684,3.4000000953674316,3.5999999046325684,3.4200000762939453,694200,3.4200000762939453
2011-06-07,3.509999990463257,3.3499999046325684,3.450000047683716,3.450000047683716,407400,3.450000047683716
2011-06-08,3.4800000190734863,3.369999885559082,3.4600000381469727,3.4000000953674316,406300,3.4000000953674316
2011-06-09,3.4800000190734863,3.309999942779541,3.4100000858306885,3.4700000286102295,670300,3.4700000286102295
2011-06-10,3.4800000190734863,3.309999942779541,3.440000057220459,3.319999933242798,783300,3.319999933242798
2011-06-13,3.4600000381469727,3.25,3.3499999046325684,3.2699999809265137,569700,3.2699999809265137
2011-06-14,3.5399999618530273,3.2699999809265137,3.309999942779541,3.490000009536743,967900,3.490000009536743
2011-06-15,3.509999990463257,3.359999895095825,3.450000047683716,3.380000114440918,858800,3.380000114440918
2011-06-16,3.5299999713897705,3.299999952316284,3.380000114440918,3.4000000953674316,738400,3.4000000953674316
2011-06-17,3.4800000190734863,3.3399999141693115,3.430000066757202,3.4100000858306885,802500,3.4100000858306885
2011-06-20,3.4800000190734863,3.4000000953674316,3.4000000953674316,3.440000057220459,268500,3.440000057220459
2011-06-21,3.6600000858306885,3.440000057220459,3.4700000286102295,3.6600000858306885,775600,3.6600000858306885
2011-06-22,3.7100000381469727,3.5299999713897705,3.619999885559082,3.5999999046325684,921400,3.5999999046325684
2011-06-23,3.6500000953674316,3.5299999713897705,3.5399999618530273,3.640000104904175,717700,3.640000104904175
2011-06-24,3.7699999809265137,3.6600000858306885,3.6600000858306885,3.75,1936200,3.75
2011-06-27,3.8399999141693115,3.7200000286102295,3.7699999809265137,3.809999942779541,789400,3.809999942779541
2011-06-28,3.890000104904175,3.7799999713897705,3.809999942779541,3.859999895095825,549200,3.859999895095825
2011-06-29,3.9000000953674316,3.740000009536743,3.880000114440918,3.7899999618530273,738200,3.7899999618530273
2011-06-30,3.8499999046325684,3.7699999809265137,3.7699999809265137,3.8399999141693115,381500,3.8399999141693115
2011-07-01,3.890000104904175,3.799999952316284,3.8299999237060547,3.890000104904175,1041100,3.890000104904175
2011-07-05,4.090000152587891,3.869999885559082,3.880000114440918,4.079999923706055,1899800,4.079999923706055
2011-07-06,4.150000095367432,4.0,4.070000171661377,4.099999904632568,1518000,4.099999904632568
2011-07-07,4.210000038146973,4.099999904632568,4.139999866485596,4.179999828338623,907500,4.179999828338623
2011-07-08,4.139999866485596,4.03000020980835,4.110000133514404,4.079999923706055,416400,4.079999923706055
2011-07-11,4.050000190734863,3.8499999046325684,4.019999980926514,3.9100000858306885,647400,3.9100000858306885
2011-07-12,4.03000020980835,3.880000114440918,3.9000000953674316,3.990000009536743,1134400,3.990000009536743
2011-07-13,4.119999885559082,3.9600000381469727,4.010000228881836,4.03000020980835,865400,4.03000020980835
2011-07-14,4.090000152587891,3.859999895095825,4.039999961853027,3.950000047683716,615900,3.950000047683716
2011-07-15,3.990000009536743,3.9100000858306885,3.9800000190734863,3.9800000190734863,506000,3.9800000190734863
2011-07-18,3.950000047683716,3.7200000286102295,3.940000057220459,3.869999885559082,461200,3.869999885559082
2011-07-19,4.0,3.9000000953674316,3.9000000953674316,4.0,424300,4.0
2011-07-20,4.039999961853027,3.950000047683716,4.010000228881836,4.039999961853027,417600,4.039999961853027
2011-07-21,4.050000190734863,3.9200000762939453,4.039999961853027,3.9600000381469727,580300,3.9600000381469727
2011-07-22,4.03000020980835,3.9100000858306885,3.9700000286102295,3.9600000381469727,317000,3.9600000381469727
2011-07-25,3.990000009536743,3.8399999141693115,3.859999895095825,3.890000104904175,555600,3.890000104904175
2011-07-26,3.9700000286102295,3.8399999141693115,3.890000104904175,3.859999895095825,435500,3.859999895095825
2011-07-27,4.0,3.740000009536743,3.890000104904175,3.759999990463257,666100,3.759999990463257
2011-07-28,3.940000057220459,3.7300000190734863,3.7300000190734863,3.859999895095825,618900,3.859999895095825
2011-07-29,3.9000000953674316,3.6500000953674316,3.75,3.8399999141693115,1396200,3.8399999141693115
2011-08-01,3.990000009536743,3.7899999618530273,3.9600000381469727,3.9100000858306885,743400,3.9100000858306885
2011-08-02,3.940000057220459,3.690000057220459,3.869999885559082,3.690000057220459,807300,3.690000057220459
2011-08-03,3.7799999713897705,3.5399999618530273,3.680000066757202,3.7699999809265137,557400,3.7699999809265137
2011-08-04,3.7300000190734863,3.5299999713897705,3.7100000381469727,3.5299999713897705,1140000,3.5299999713897705
2011-08-05,3.619999885559082,3.180000066757202,3.5799999237060547,3.569999933242798,1424900,3.569999933242798
2011-08-08,3.369999885559082,3.0,3.2100000381469727,3.0,1384100,3.0
2011-08-09,3.430000066757202,3.009999990463257,3.0899999141693115,3.4100000858306885,1584900,3.4100000858306885
2011-08-10,3.4200000762939453,3.0999999046325684,3.25,3.259999990463257,1255000,3.259999990463257
2011-08-11,3.430000066757202,3.2799999713897705,3.2899999618530273,3.3399999141693115,798500,3.3399999141693115
2011-08-12,3.4700000286102295,3.2899999618530273,3.450000047683716,3.359999895095825,1027100,3.359999895095825
2011-08-15,3.450000047683716,3.359999895095825,3.4200000762939453,3.430000066757202,267000,3.430000066757202
2011-08-16,3.4200000762939453,3.2699999809265137,3.390000104904175,3.319999933242798,374300,3.319999933242798
2011-08-17,3.4000000953674316,3.190000057220459,3.3399999141693115,3.259999990463257,540900,3.259999990463257
2011-08-18,3.180000066757202,3.049999952316284,3.109999895095825,3.069999933242798,729500,3.069999933242798
2011-08-19,3.1500000953674316,2.9200000762939453,3.0199999809265137,2.9700000286102295,686600,2.9700000286102295
2011-08-22,3.0999999046325684,2.9000000953674316,3.0299999713897705,2.940000057220459,532900,2.940000057220459
2011-08-23,3.2899999618530273,2.9600000381469727,2.9700000286102295,3.240000009536743,711400,3.240000009536743
2011-08-24,3.3299999237060547,3.130000114440918,3.240000009536743,3.259999990463257,263400,3.259999990463257
2011-08-25,3.2899999618530273,3.059999942779541,3.2899999618530273,3.0799999237060547,341400,3.0799999237060547
2011-08-26,3.240000009536743,3.009999990463257,3.0399999618530273,3.1700000762939453,312600,3.1700000762939453
2011-08-29,3.390000104904175,3.2200000286102295,3.2300000190734863,3.369999885559082,320200,3.369999885559082
2011-08-30,3.4000000953674316,3.25,3.319999933242798,3.359999895095825,294300,3.359999895095825
2011-08-31,3.4200000762939453,3.25,3.390000104904175,3.4000000953674316,475800,3.4000000953674316
2011-09-01,3.4700000286102295,3.2300000190734863,3.4000000953674316,3.259999990463257,399700,3.259999990463257
2011-09-02,3.299999952316284,3.130000114440918,3.1700000762939453,3.140000104904175,424500,3.140000104904175
2011-09-06,3.180000066757202,2.9600000381469727,3.0199999809265137,3.1700000762939453,376000,3.1700000762939453
2011-09-07,3.309999942779541,3.200000047683716,3.2200000286102295,3.2799999713897705,437300,3.2799999713897705
2011-09-08,3.3499999046325684,3.2100000381469727,3.25,3.2300000190734863,291900,3.2300000190734863
2011-09-09,3.2200000286102295,3.0199999809265137,3.180000066757202,3.0799999237060547,423000,3.0799999237060547
2011-09-12,3.130000114440918,3.0199999809265137,3.0199999809265137,3.0999999046325684,192100,3.0999999046325684
2011-09-13,3.2899999618530273,3.109999895095825,3.130000114440918,3.259999990463257,184400,3.259999990463257
2011-09-14,3.319999933242798,3.190000057220459,3.2699999809265137,3.2899999618530273,248800,3.2899999618530273
2011-09-15,3.319999933242798,3.190000057220459,3.319999933242798,3.2899999618530273,212400,3.2899999618530273
2011-09-16,3.309999942779541,3.1700000762939453,3.309999942779541,3.2200000286102295,450500,3.2200000286102295
2011-09-19,3.3299999237060547,3.130000114440918,3.140000104904175,3.2899999618530273,318900,3.2899999618530273
2011-09-20,3.3299999237060547,3.130000114440918,3.309999942779541,3.130000114440918,533600,3.130000114440918
2011-09-21,3.240000009536743,3.009999990463257,3.140000104904175,3.009999990463257,272900,3.009999990463257
2011-09-22,3.069999933242798,2.859999895095825,2.9700000286102295,2.9200000762939453,659000,2.9200000762939453
2011-09-23,3.0,2.9000000953674316,2.9200000762939453,2.9600000381469727,294800,2.9600000381469727
2011-09-26,3.0799999237060547,2.880000114440918,3.0,3.0199999809265137,347300,3.0199999809265137
2011-09-27,3.200000047683716,3.0399999618530273,3.109999895095825,3.0799999237060547,630000,3.0799999237060547
2011-09-28,3.119999885559082,2.950000047683716,3.119999885559082,2.950000047683716,418100,2.950000047683716
2011-09-29,3.059999942779541,2.700000047683716,3.049999952316284,2.7799999713897705,710500,2.7799999713897705
2011-09-30,2.8399999141693115,2.6600000858306885,2.7200000286102295,2.6700000762939453,596000,2.6700000762939453
2011-10-03,2.630000114440918,2.1700000762939453,2.630000114440918,2.200000047683716,1239200,2.200000047683716
2011-10-04,2.559999942779541,2.1600000858306885,2.1600000858306885,2.559999942779541,880400,2.559999942779541
2011-10-05,2.700000047683716,2.509999990463257,2.5899999141693115,2.690000057220459,511100,2.690000057220459
2011-10-06,2.819999933242798,2.630000114440918,2.680000066757202,2.809999942779541,925900,2.809999942779541
2011-10-07,2.890000104904175,2.6600000858306885,2.8299999237060547,2.680000066757202,716900,2.680000066757202
2011-10-10,2.8299999237060547,2.690000057220459,2.75,2.7699999809265137,753900,2.7699999809265137
2011-10-11,2.819999933242798,2.680000066757202,2.740000009536743,2.7699999809265137,670300,2.7699999809265137
2011-10-12,2.859999895095825,2.7799999713897705,2.8299999237060547,2.8399999141693115,1019500,2.8399999141693115
2011-10-13,2.869999885559082,2.759999990463257,2.809999942779541,2.809999942779541,782500,2.809999942779541
2011-10-14,2.9000000953674316,2.7300000190734863,2.880000114440918,2.8399999141693115,775500,2.8399999141693115
2011-10-17,2.890000104904175,2.759999990463257,2.809999942779541,2.7699999809265137,438400,2.7699999809265137
2011-10-18,2.890000104904175,2.7300000190734863,2.7799999713897705,2.819999933242798,849000,2.819999933242798
2011-10-19,2.890000104904175,2.759999990463257,2.819999933242798,2.7699999809265137,590900,2.7699999809265137
2011-10-20,2.8499999046325684,2.7200000286102295,2.7699999809265137,2.7899999618530273,529900,2.7899999618530273
2011-10-21,2.859999895095825,2.7699999809265137,2.8499999046325684,2.819999933242798,583900,2.819999933242798
2011-10-24,2.8499999046325684,2.7899999618530273,2.8299999237060547,2.8299999237060547,542200,2.8299999237060547
2011-10-25,2.869999885559082,2.7699999809265137,2.799999952316284,2.7899999618530273,502100,2.7899999618530273
2011-10-26,2.7799999713897705,2.3399999141693115,2.7799999713897705,2.440000057220459,1213300,2.440000057220459
2011-10-27,2.6700000762939453,2.450000047683716,2.549999952316284,2.5199999809265137,1115600,2.5199999809265137
2011-10-28,2.609999895095825,2.440000057220459,2.5,2.569999933242798,787100,2.569999933242798
2011-10-31,2.5999999046325684,2.4800000190734863,2.5,2.4800000190734863,573200,2.4800000190734863
2011-11-01,2.490000009536743,2.25,2.369999885559082,2.440000057220459,555300,2.440000057220459
2011-11-02,2.6700000762939453,2.490000009536743,2.490000009536743,2.6600000858306885,691100,2.6600000858306885
2011-11-03,2.740000009536743,2.5299999713897705,2.700000047683716,2.7100000381469727,648400,2.7100000381469727
2011-11-04,2.7200000286102295,2.5999999046325684,2.6700000762939453,2.6500000953674316,287100,2.6500000953674316
2011-11-07,2.6700000762939453,2.4700000286102295,2.6500000953674316,2.559999942779541,256300,2.559999942779541
2011-11-08,2.7300000190734863,2.549999952316284,2.609999895095825,2.7100000381469727,514100,2.7100000381469727
2011-11-09,2.6700000762939453,2.549999952316284,2.619999885559082,2.549999952316284,337500,2.549999952316284
2011-11-10,2.7100000381469727,2.569999933242798,2.619999885559082,2.7100000381469727,518000,2.7100000381469727
2011-11-11,2.809999942779541,2.7200000286102295,2.75,2.799999952316284,349600,2.799999952316284
2011-11-14,2.819999933242798,2.740000009536743,2.799999952316284,2.759999990463257,363600,2.759999990463257
2011-11-15,2.799999952316284,2.680000066757202,2.75,2.7699999809265137,486900,2.7699999809265137
2011-11-16,2.799999952316284,2.7100000381469727,2.7300000190734863,2.7200000286102295,464000,2.7200000286102295
2011-11-17,2.7799999713897705,2.700000047683716,2.7100000381469727,2.7200000286102295,359200,2.7200000286102295
2011-11-18,2.819999933242798,2.7200000286102295,2.7200000286102295,2.75,385800,2.75
2011-11-21,2.7300000190734863,2.640000104904175,2.6600000858306885,2.640000104904175,486200,2.640000104904175
2011-11-22,2.7100000381469727,2.619999885559082,2.6500000953674316,2.6500000953674316,328600,2.6500000953674316
2011-11-23,2.6500000953674316,2.5,2.609999895095825,2.5,425300,2.5
2011-11-25,2.5999999046325684,2.4700000286102295,2.490000009536743,2.490000009536743,208600,2.490000009536743
2011-11-28,2.7200000286102295,2.5299999713897705,2.619999885559082,2.7200000286102295,454000,2.7200000286102295
2011-11-29,2.7300000190734863,2.640000104904175,2.7200000286102295,2.6600000858306885,258100,2.6600000858306885
2011-11-30,2.8299999237060547,2.7100000381469727,2.7899999618530273,2.759999990463257,720900,2.759999990463257
2011-12-01,2.7899999618530273,2.680000066757202,2.759999990463257,2.680000066757202,356200,2.680000066757202
2011-12-02,2.740000009536743,2.7100000381469727,2.7100000381469727,2.7300000190734863,201200,2.7300000190734863
2011-12-05,2.8299999237060547,2.680000066757202,2.7899999618530273,2.75,261500,2.75
2011-12-06,2.7899999618530273,2.6600000858306885,2.740000009536743,2.7100000381469727,224500,2.7100000381469727
2011-12-07,2.700000047683716,2.5999999046325684,2.690000057220459,2.6500000953674316,208900,2.6500000953674316
2011-12-08,2.6500000953674316,2.490000009536743,2.630000114440918,2.490000009536743,316300,2.490000009536743
2011-12-09,2.7300000190734863,2.5199999809265137,2.5199999809265137,2.7200000286102295,333800,2.7200000286102295
2011-12-12,2.759999990463257,2.619999885559082,2.6600000858306885,2.7200000286102295,316200,2.7200000286102295
2011-12-13,2.880000114440918,2.6700000762939453,2.7799999713897705,2.7200000286102295,456000,2.7200000286102295
2011-12-14,2.809999942779541,2.619999885559082,2.700000047683716,2.809999942779541,378600,2.809999942779541
2011-12-15,2.8399999141693115,2.7100000381469727,2.8399999141693115,2.7799999713897705,341400,2.7799999713897705
2011-12-16,2.9000000953674316,2.75,2.799999952316284,2.809999942779541,557000,2.809999942779541
2011-12-19,2.880000114440918,2.759999990463257,2.8499999046325684,2.7699999809265137,267100,2.7699999809265137
2011-12-20,3.0,2.809999942779541,2.8399999141693115,2.950000047683716,505900,2.950000047683716
2011-12-21,2.950000047683716,2.7799999713897705,2.950000047683716,2.9100000858306885,297100,2.9100000858306885
2011-12-22,2.9600000381469727,2.9100000858306885,2.9200000762939453,2.940000057220459,127300,2.940000057220459
2011-12-23,2.950000047683716,2.859999895095825,2.940000057220459,2.950000047683716,82800,2.950000047683716
2011-12-27,2.9800000190734863,2.8399999141693115,2.9200000762939453,2.9600000381469727,147700,2.9600000381469727
2011-12-28,2.9600000381469727,2.8299999237060547,2.9600000381469727,2.8299999237060547,121000,2.8299999237060547
2011-12-29,2.9100000858306885,2.7899999618530273,2.8399999141693115,2.8499999046325684,168300,2.8499999046325684
2011-12-30,2.930000066757202,2.799999952316284,2.8299999237060547,2.819999933242798,522800,2.819999933242798
2012-01-03,3.0,2.9000000953674316,2.9000000953674316,2.9800000190734863,426600,2.9800000190734863
2012-01-04,2.9800000190734863,2.9000000953674316,2.9600000381469727,2.9600000381469727,245700,2.9600000381469727
2012-01-05,2.9800000190734863,2.9100000858306885,2.950000047683716,2.9600000381469727,127700,2.9600000381469727
2012-01-06,3.0399999618530273,2.940000057220459,2.9700000286102295,2.9600000381469727,258800,2.9600000381469727
2012-01-09,3.0,2.9000000953674316,2.9700000286102295,2.9200000762939453,234900,2.9200000762939453
2012-01-10,3.0199999809265137,2.940000057220459,2.9700000286102295,3.009999990463257,207900,3.009999990463257
2012-01-11,3.0399999618530273,3.0,3.009999990463257,3.0299999713897705,243400,3.0299999713897705
2012-01-12,3.0399999618530273,2.9700000286102295,3.0199999809265137,2.9800000190734863,218900,2.9800000190734863
2012-01-13,3.009999990463257,2.930000066757202,2.940000057220459,2.9700000286102295,174600,2.9700000286102295
2012-01-17,3.009999990463257,2.950000047683716,3.0,2.9600000381469727,207500,2.9600000381469727
2012-01-18,3.0299999713897705,2.940000057220459,2.940000057220459,3.0299999713897705,238500,3.0299999713897705
2012-01-19,3.049999952316284,3.0,3.0299999713897705,3.0299999713897705,129400,3.0299999713897705
2012-01-20,3.0999999046325684,3.009999990463257,3.0299999713897705,3.0899999141693115,277500,3.0899999141693115
2012-01-23,3.180000066757202,3.069999933242798,3.069999933242798,3.130000114440918,306700,3.130000114440918
2012-01-24,3.140000104904175,3.0999999046325684,3.119999885559082,3.0999999046325684,229300,3.0999999046325684
2012-01-25,3.180000066757202,3.069999933242798,3.0999999046325684,3.1500000953674316,161900,3.1500000953674316
2012-01-26,3.200000047683716,3.119999885559082,3.180000066757202,3.1600000858306885,167700,3.1600000858306885
2012-01-27,3.180000066757202,3.119999885559082,3.1600000858306885,3.1700000762939453,113900,3.1700000762939453
2012-01-30,3.1600000858306885,3.119999885559082,3.140000104904175,3.119999885559082,161100,3.119999885559082
2012-01-31,3.1600000858306885,2.9800000190734863,3.1600000858306885,3.0199999809265137,480300,3.0199999809265137
2012-02-01,3.190000057220459,3.009999990463257,3.0399999618530273,3.180000066757202,302300,3.180000066757202
2012-02-02,3.2899999618530273,3.1500000953674316,3.180000066757202,3.2899999618530273,203400,3.2899999618530273
2012-02-03,3.4000000953674316,3.299999952316284,3.309999942779541,3.3299999237060547,411600,3.3299999237060547
2012-02-06,3.4100000858306885,3.25,3.3299999237060547,3.4000000953674316,256900,3.4000000953674316
2012-02-07,3.4100000858306885,3.309999942779541,3.4000000953674316,3.319999933242798,176300,3.319999933242798
2012-02-08,3.390000104904175,3.319999933242798,3.3499999046325684,3.380000114440918,190400,3.380000114440918
2012-02-09,3.4000000953674316,3.299999952316284,3.390000104904175,3.299999952316284,169600,3.299999952316284
2012-02-10,3.2899999618530273,3.140000104904175,3.2899999618530273,3.140000104904175,305400,3.140000104904175
2012-02-13,3.25,3.1600000858306885,3.190000057220459,3.25,228300,3.25
2012-02-14,3.25,3.119999885559082,3.240000009536743,3.1600000858306885,172900,3.1600000858306885
2012-02-15,3.190000057220459,3.0799999237060547,3.180000066757202,3.0999999046325684,166400,3.0999999046325684
2012-02-16,3.2699999809265137,3.109999895095825,3.119999885559082,3.200000047683716,331500,3.200000047683716
2012-02-17,3.240000009536743,3.1500000953674316,3.200000047683716,3.2100000381469727,214400,3.2100000381469727
2012-02-21,3.299999952316284,3.130000114440918,3.2300000190734863,3.140000104904175,370900,3.140000104904175
2012-02-22,3.009999990463257,2.819999933242798,3.0,2.8499999046325684,1155300,2.8499999046325684
2012-02-23,2.9200000762939453,2.8499999046325684,2.869999885559082,2.9000000953674316,304400,2.9000000953674316
2012-02-24,3.009999990463257,2.890000104904175,2.930000066757202,2.9700000286102295,278900,2.9700000286102295
2012-02-27,3.0399999618530273,2.9200000762939453,2.930000066757202,3.009999990463257,221600,3.009999990463257
2012-02-28,3.109999895095825,3.009999990463257,3.0299999713897705,3.059999942779541,250400,3.059999942779541
2012-02-29,3.0999999046325684,2.9200000762939453,3.0899999141693115,2.930000066757202,511700,2.930000066757202
2012-03-01,3.0299999713897705,2.930000066757202,2.950000047683716,2.940000057220459,432900,2.940000057220459
2012-03-02,3.009999990463257,2.859999895095825,2.940000057220459,2.859999895095825,316100,2.859999895095825
2012-03-05,2.950000047683716,2.8499999046325684,2.869999885559082,2.940000057220459,267600,2.940000057220459
2012-03-06,2.9700000286102295,2.859999895095825,2.9100000858306885,2.880000114440918,362500,2.880000114440918
2012-03-07,3.0,2.9100000858306885,2.9200000762939453,2.950000047683716,270400,2.950000047683716
2012-03-08,2.990000009536743,2.880000114440918,2.9800000190734863,2.930000066757202,283000,2.930000066757202
2012-03-09,3.009999990463257,2.890000104904175,2.930000066757202,2.950000047683716,288700,2.950000047683716
2012-03-12,2.990000009536743,2.9600000381469727,2.9600000381469727,2.9700000286102295,502800,2.9700000286102295
2012-03-13,3.0999999046325684,2.940000057220459,3.0,3.0899999141693115,456600,3.0899999141693115
2012-03-14,3.0799999237060547,2.9700000286102295,3.069999933242798,3.0,355200,3.0
2012-03-15,3.059999942779541,2.9700000286102295,2.990000009536743,3.0,217600,3.0
2012-03-16,3.0299999713897705,2.9000000953674316,3.009999990463257,2.9000000953674316,334700,2.9000000953674316
2012-03-19,2.9600000381469727,2.880000114440918,2.9100000858306885,2.890000104904175,570700,2.890000104904175
2012-03-20,2.990000009536743,2.880000114440918,2.880000114440918,2.950000047683716,238000,2.950000047683716
2012-03-21,3.009999990463257,2.950000047683716,2.950000047683716,2.9700000286102295,277200,2.9700000286102295
2012-03-22,3.009999990463257,2.9200000762939453,2.940000057220459,2.950000047683716,162100,2.950000047683716
2012-03-23,2.9600000381469727,2.880000114440918,2.950000047683716,2.930000066757202,194300,2.930000066757202
2012-03-26,3.0399999618530273,2.940000057220459,2.9700000286102295,3.0399999618530273,308800,3.0399999618530273
2012-03-27,3.0799999237060547,3.009999990463257,3.0399999618530273,3.0199999809265137,185900,3.0199999809265137
2012-03-28,3.009999990463257,2.9100000858306885,3.009999990463257,2.930000066757202,165200,2.930000066757202
2012-03-29,3.0199999809265137,2.9100000858306885,2.930000066757202,2.990000009536743,211700,2.990000009536743
2012-03-30,3.0299999713897705,2.869999885559082,3.0299999713897705,2.9100000858306885,469600,2.9100000858306885
2012-04-02,2.9100000858306885,2.8399999141693115,2.9000000953674316,2.890000104904175,284300,2.890000104904175
2012-04-03,2.940000057220459,2.859999895095825,2.880000114440918,2.9100000858306885,235400,2.9100000858306885
2012-04-04,2.890000104904175,2.7799999713897705,2.880000114440918,2.799999952316284,310600,2.799999952316284
2012-04-05,2.9200000762939453,2.7799999713897705,2.7799999713897705,2.9200000762939453,170300,2.9200000762939453
2012-04-09,2.890000104904175,2.799999952316284,2.8399999141693115,2.799999952316284,247000,2.799999952316284
2012-04-10,2.880000114440918,2.75,2.759999990463257,2.75,421400,2.75
2012-04-11,2.8499999046325684,2.7699999809265137,2.7799999713897705,2.8399999141693115,374900,2.8399999141693115
2012-04-12,2.890000104904175,2.759999990463257,2.8399999141693115,2.8499999046325684,228200,2.8499999046325684
2012-04-13,2.869999885559082,2.7899999618530273,2.819999933242798,2.7899999618530273,214500,2.7899999618530273
2012-04-16,2.890000104904175,2.759999990463257,2.799999952316284,2.8499999046325684,212700,2.8499999046325684
2012-04-17,2.9000000953674316,2.8399999141693115,2.869999885559082,2.859999895095825,201800,2.859999895095825
2012-04-18,2.930000066757202,2.819999933242798,2.819999933242798,2.9000000953674316,259800,2.9000000953674316
2012-04-19,2.990000009536743,2.890000104904175,2.9000000953674316,2.990000009536743,335000,2.990000009536743
2012-04-20,3.049999952316284,2.940000057220459,3.0199999809265137,3.0,338900,3.0
2012-04-23,2.950000047683716,2.8299999237060547,2.950000047683716,2.8399999141693115,271200,2.8399999141693115
2012-04-24,2.940000057220459,2.799999952316284,2.8499999046325684,2.930000066757202,255800,2.930000066757202
2012-04-25,2.9200000762939453,2.7899999618530273,2.9200000762939453,2.8299999237060547,464100,2.8299999237060547
2012-04-26,2.890000104904175,2.7699999809265137,2.8299999237060547,2.7899999618530273,550900,2.7899999618530273
2012-04-27,2.9200000762939453,2.799999952316284,2.799999952316284,2.9100000858306885,254600,2.9100000858306885
2012-04-30,2.9100000858306885,2.819999933242798,2.890000104904175,2.8299999237060547,240000,2.8299999237060547
2012-05-01,2.9200000762939453,2.799999952316284,2.819999933242798,2.799999952316284,288000,2.799999952316284
2012-05-02,2.8499999046325684,2.799999952316284,2.799999952316284,2.819999933242798,147000,2.819999933242798
2012-05-03,2.8299999237060547,2.799999952316284,2.819999933242798,2.799999952316284,170000,2.799999952316284
2012-05-04,2.819999933242798,2.7699999809265137,2.799999952316284,2.799999952316284,292500,2.799999952316284
2012-05-07,2.8399999141693115,2.7699999809265137,2.799999952316284,2.809999942779541,238000,2.809999942779541
2012-05-08,2.8399999141693115,2.7799999713897705,2.799999952316284,2.8299999237060547,223100,2.8299999237060547
2012-05-09,2.8399999141693115,2.799999952316284,2.799999952316284,2.809999942779541,151000,2.809999942779541
2012-05-10,2.8299999237060547,2.799999952316284,2.8299999237060547,2.8299999237060547,145000,2.8299999237060547
2012-05-11,2.8299999237060547,2.799999952316284,2.799999952316284,2.809999942779541,118300,2.809999942779541
2012-05-14,2.809999942779541,2.7899999618530273,2.799999952316284,2.799999952316284,125300,2.799999952316284
2012-05-15,2.869999885559082,2.799999952316284,2.799999952316284,2.819999933242798,249000,2.819999933242798
2012-05-16,2.8499999046325684,2.799999952316284,2.8299999237060547,2.819999933242798,95200,2.819999933242798
2012-05-17,2.8499999046325684,2.799999952316284,2.809999942779541,2.809999942779541,140600,2.809999942779541
2012-05-18,2.8399999141693115,2.75,2.7899999618530273,2.75,837300,2.75
2012-05-21,2.7799999713897705,2.75,2.75,2.7699999809265137,135900,2.7699999809265137
2012-05-22,2.799999952316284,2.75,2.7799999713897705,2.75,239000,2.75
2012-05-23,2.7699999809265137,2.740000009536743,2.75,2.75,177000,2.75
2012-05-24,2.759999990463257,2.630000114440918,2.75,2.6600000858306885,190900,2.6600000858306885
2012-05-25,2.7100000381469727,2.5999999046325684,2.640000104904175,2.7100000381469727,131900,2.7100000381469727
2012-05-29,2.7200000286102295,2.5999999046325684,2.7200000286102295,2.640000104904175,155900,2.640000104904175
2012-05-30,2.619999885559082,2.5299999713897705,2.619999885559082,2.549999952316284,240200,2.549999952316284
2012-05-31,2.549999952316284,2.430000066757202,2.549999952316284,2.4600000381469727,573300,2.4600000381469727
2012-06-01,2.5299999713897705,2.380000114440918,2.4100000858306885,2.4600000381469727,234100,2.4600000381469727
2012-06-04,2.609999895095825,2.450000047683716,2.5,2.5999999046325684,281200,2.5999999046325684
2012-06-05,2.5899999141693115,2.5,2.5899999141693115,2.559999942779541,160200,2.559999942779541
2012-06-06,2.630000114440918,2.5299999713897705,2.5799999237060547,2.5999999046325684,172200,2.5999999046325684
2012-06-07,2.6700000762939453,2.559999942779541,2.6500000953674316,2.5899999141693115,204700,2.5899999141693115
2012-06-08,2.619999885559082,2.5299999713897705,2.5799999237060547,2.559999942779541,99800,2.559999942779541
2012-06-11,2.5999999046325684,2.4200000762939453,2.5999999046325684,2.430000066757202,225100,2.430000066757202
2012-06-12,2.490000009536743,2.4000000953674316,2.440000057220459,2.490000009536743,149500,2.490000009536743
2012-06-13,2.5,2.450000047683716,2.4700000286102295,2.4700000286102295,113500,2.4700000286102295
2012-06-14,2.490000009536743,2.450000047683716,2.4600000381469727,2.490000009536743,207400,2.490000009536743
2012-06-15,2.630000114440918,2.4700000286102295,2.4800000190734863,2.630000114440918,358200,2.630000114440918
2012-06-18,2.7300000190734863,2.5999999046325684,2.609999895095825,2.7100000381469727,280500,2.7100000381469727
2012-06-19,2.8299999237060547,2.609999895095825,2.7100000381469727,2.7699999809265137,844400,2.7699999809265137
2012-06-20,2.7799999713897705,2.7200000286102295,2.75,2.740000009536743,103900,2.740000009536743
2012-06-21,2.75,2.569999933242798,2.75,2.5799999237060547,249500,2.5799999237060547
2012-06-22,2.630000114440918,2.5799999237060547,2.5899999141693115,2.5999999046325684,374000,2.5999999046325684
2012-06-25,2.5799999237060547,2.450000047683716,2.569999933242798,2.4600000381469727,191600,2.4600000381469727
2012-06-26,2.5,2.4600000381469727,2.4700000286102295,2.490000009536743,154400,2.490000009536743
2012-06-27,2.5,2.450000047683716,2.490000009536743,2.4800000190734863,147200,2.4800000190734863
2012-06-28,2.5,2.4000000953674316,2.4600000381469727,2.4700000286102295,122300,2.4700000286102295
2012-06-29,2.5999999046325684,2.4800000190734863,2.5299999713897705,2.5999999046325684,235300,2.5999999046325684
2012-07-02,2.5999999046325684,2.5,2.5,2.5999999046325684,215100,2.5999999046325684
2012-07-03,2.690000057220459,2.559999942779541,2.609999895095825,2.680000066757202,70600,2.680000066757202
2012-07-05,2.690000057220459,2.5899999141693115,2.680000066757202,2.609999895095825,125000,2.609999895095825
2012-07-06,2.5799999237060547,2.5299999713897705,2.569999933242798,2.549999952316284,109600,2.549999952316284
2012-07-09,2.5799999237060547,2.5299999713897705,2.5399999618530273,2.5399999618530273,57000,2.5399999618530273
2012-07-10,2.569999933242798,2.5299999713897705,2.549999952316284,2.5299999713897705,175900,2.5299999713897705
2012-07-11,2.609999895095825,2.5,2.5299999713897705,2.549999952316284,835200,2.549999952316284
2012-07-12,2.5999999046325684,2.509999990463257,2.5199999809265137,2.5799999237060547,112800,2.5799999237060547
2012-07-13,2.640000104904175,2.569999933242798,2.5799999237060547,2.630000114440918,85000,2.630000114440918
2012-07-16,2.609999895095825,2.549999952316284,2.5899999141693115,2.559999942779541,69700,2.559999942779541
2012-07-17,2.5999999046325684,2.5199999809265137,2.5899999141693115,2.5799999237060547,98300,2.5799999237060547
2012-07-18,2.680000066757202,2.559999942779541,2.559999942779541,2.619999885559082,91800,2.619999885559082
2012-07-19,2.630000114440918,2.5299999713897705,2.630000114440918,2.5299999713897705,88300,2.5299999713897705
2012-07-20,2.5299999713897705,2.4800000190734863,2.509999990463257,2.490000009536743,168500,2.490000009536743
2012-07-23,2.4700000286102295,2.450000047683716,2.4700000286102295,2.450000047683716,65500,2.450000047683716
2012-07-24,2.5,2.4100000858306885,2.430000066757202,2.4100000858306885,294000,2.4100000858306885
2012-07-25,2.5,2.4000000953674316,2.4200000762939453,2.4600000381469727,185700,2.4600000381469727
2012-07-26,2.5299999713897705,2.4000000953674316,2.5299999713897705,2.490000009536743,264200,2.490000009536743
2012-07-27,2.5199999809265137,2.440000057220459,2.5,2.4700000286102295,177000,2.4700000286102295
2012-07-30,2.4700000286102295,2.4200000762939453,2.4600000381469727,2.440000057220459,140800,2.440000057220459
2012-07-31,2.5,2.430000066757202,2.440000057220459,2.440000057220459,141900,2.440000057220459
2012-08-01,2.440000057220459,2.4000000953674316,2.440000057220459,2.4000000953674316,256100,2.4000000953674316
2012-08-02,2.450000047683716,2.4000000953674316,2.4000000953674316,2.4000000953674316,137900,2.4000000953674316
2012-08-03,2.490000009536743,2.4100000858306885,2.4100000858306885,2.4600000381469727,271900,2.4600000381469727
2012-08-06,2.5,2.440000057220459,2.4700000286102295,2.450000047683716,187300,2.450000047683716
2012-08-07,2.5,2.4200000762939453,2.4600000381469727,2.450000047683716,246100,2.450000047683716
2012-08-08,2.490000009536743,2.4000000953674316,2.440000057220459,2.440000057220459,98200,2.440000057220459
2012-08-09,2.5,2.4000000953674316,2.4000000953674316,2.5,317900,2.5
2012-08-10,2.509999990463257,2.440000057220459,2.5,2.450000047683716,67700,2.450000047683716
2012-08-13,2.5799999237060547,2.430000066757202,2.430000066757202,2.5799999237060547,226900,2.5799999237060547
2012-08-14,2.690000057220459,2.5399999618530273,2.559999942779541,2.609999895095825,618600,2.609999895095825
2012-08-15,2.630000114440918,2.5899999141693115,2.5899999141693115,2.619999885559082,207600,2.619999885559082
2012-08-16,2.6500000953674316,2.5899999141693115,2.609999895095825,2.630000114440918,145900,2.630000114440918
2012-08-17,2.690000057220459,2.619999885559082,2.619999885559082,2.6700000762939453,164700,2.6700000762939453
2012-08-20,2.6500000953674316,2.569999933242798,2.6500000953674316,2.640000104904175,85400,2.640000104904175
2012-08-21,2.6700000762939453,2.5,2.609999895095825,2.5,197200,2.5
2012-08-22,2.5399999618530273,2.5,2.509999990463257,2.509999990463257,52600,2.509999990463257
2012-08-23,2.5199999809265137,2.490000009536743,2.509999990463257,2.490000009536743,35900,2.490000009536743
2012-08-24,2.5199999809265137,2.450000047683716,2.509999990463257,2.490000009536743,105800,2.490000009536743
2012-08-27,2.509999990463257,2.4700000286102295,2.5,2.5,64900,2.5
2012-08-28,2.549999952316284,2.509999990463257,2.509999990463257,2.549999952316284,113500,2.549999952316284
2012-08-29,2.5999999046325684,2.559999942779541,2.559999942779541,2.5999999046325684,93100,2.5999999046325684
2012-08-30,2.6700000762939453,2.509999990463257,2.609999895095825,2.5299999713897705,235800,2.5299999713897705
2012-08-31,2.5799999237060547,2.549999952316284,2.559999942779541,2.569999933242798,133300,2.569999933242798
2012-09-04,2.5799999237060547,2.5,2.5799999237060547,2.549999952316284,151500,2.549999952316284
2012-09-05,2.5999999046325684,2.509999990463257,2.5199999809265137,2.559999942779541,286200,2.559999942779541
2012-09-06,2.640000104904175,2.569999933242798,2.5899999141693115,2.609999895095825,242200,2.609999895095825
2012-09-07,2.7100000381469727,2.619999885559082,2.640000104904175,2.700000047683716,204000,2.700000047683716
2012-09-10,2.700000047683716,2.6600000858306885,2.700000047683716,2.680000066757202,122900,2.680000066757202
2012-09-11,2.690000057220459,2.5899999141693115,2.6700000762939453,2.6700000762939453,159100,2.6700000762939453
2012-09-12,2.7200000286102295,2.630000114440918,2.690000057220459,2.700000047683716,127700,2.700000047683716
2012-09-13,2.7799999713897705,2.700000047683716,2.7200000286102295,2.75,288400,2.75
2012-09-14,2.8499999046325684,2.7699999809265137,2.7899999618530273,2.8499999046325684,270000,2.8499999046325684
2012-09-17,2.8399999141693115,2.75,2.8399999141693115,2.819999933242798,137700,2.819999933242798
2012-09-18,2.940000057220459,2.7799999713897705,2.819999933242798,2.930000066757202,230300,2.930000066757202
2012-09-19,2.9800000190734863,2.890000104904175,2.940000057220459,2.930000066757202,284600,2.930000066757202
2012-09-20,2.950000047683716,2.8399999141693115,2.890000104904175,2.9000000953674316,122000,2.9000000953674316
2012-09-21,2.990000009536743,2.9100000858306885,2.9600000381469727,2.9700000286102295,356400,2.9700000286102295
2012-09-24,2.990000009536743,2.9000000953674316,2.9700000286102295,2.9700000286102295,122200,2.9700000286102295
2012-09-25,2.990000009536743,2.8299999237060547,2.990000009536743,2.8399999141693115,221100,2.8399999141693115
2012-09-26,2.869999885559082,2.7899999618530273,2.8399999141693115,2.819999933242798,193600,2.819999933242798
2012-09-27,2.990000009536743,2.8499999046325684,2.8499999046325684,2.9600000381469727,143500,2.9600000381469727
2012-09-28,2.940000057220459,2.859999895095825,2.9200000762939453,2.859999895095825,106800,2.859999895095825
2012-10-01,2.9100000858306885,2.819999933242798,2.9000000953674316,2.859999895095825,78500,2.859999895095825
2012-10-02,2.890000104904175,2.8299999237060547,2.8499999046325684,2.890000104904175,157200,2.890000104904175
2012-10-03,2.9800000190734863,2.890000104904175,2.9000000953674316,2.930000066757202,214100,2.930000066757202
2012-10-04,2.950000047683716,2.880000114440918,2.950000047683716,2.9100000858306885,150300,2.9100000858306885
2012-10-05,2.9600000381469727,2.9000000953674316,2.9100000858306885,2.9200000762939453,185500,2.9200000762939453
2012-10-08,2.9700000286102295,2.9100000858306885,2.9200000762939453,2.940000057220459,101500,2.940000057220459
2012-10-09,2.950000047683716,2.890000104904175,2.950000047683716,2.890000104904175,101000,2.890000104904175
2012-10-10,2.940000057220459,2.809999942779541,2.890000104904175,2.9100000858306885,114000,2.9100000858306885
2012-10-11,2.950000047683716,2.9100000858306885,2.930000066757202,2.950000047683716,94900,2.950000047683716
2012-10-12,2.9600000381469727,2.9100000858306885,2.950000047683716,2.950000047683716,101800,2.950000047683716
2012-10-15,2.9700000286102295,2.9100000858306885,2.930000066757202,2.930000066757202,105200,2.930000066757202
2012-10-16,2.9700000286102295,2.9000000953674316,2.9600000381469727,2.9700000286102295,94600,2.9700000286102295
2012-10-17,2.990000009536743,2.9200000762939453,2.9800000190734863,2.950000047683716,97800,2.950000047683716
2012-10-18,2.9600000381469727,2.8499999046325684,2.9600000381469727,2.880000114440918,172900,2.880000114440918
2012-10-19,2.9200000762939453,2.7799999713897705,2.8499999046325684,2.9000000953674316,258700,2.9000000953674316
2012-10-22,2.940000057220459,2.8299999237060547,2.890000104904175,2.869999885559082,111200,2.869999885559082
2012-10-23,2.940000057220459,2.819999933242798,2.8499999046325684,2.9000000953674316,186200,2.9000000953674316
2012-10-24,3.0399999618530273,2.819999933242798,2.819999933242798,2.990000009536743,264500,2.990000009536743
2012-10-25,3.0999999046325684,2.9600000381469727,3.049999952316284,3.009999990463257,266500,3.009999990463257
2012-10-26,2.990000009536743,2.880000114440918,2.990000009536743,2.9000000953674316,154500,2.9000000953674316
2012-10-31,2.940000057220459,2.8499999046325684,2.890000104904175,2.9000000953674316,217600,2.9000000953674316
2012-11-01,3.009999990463257,2.890000104904175,2.890000104904175,3.0,269500,3.0
2012-11-02,3.0199999809265137,2.9000000953674316,3.0,2.9100000858306885,135600,2.9100000858306885
2012-11-05,2.950000047683716,2.9000000953674316,2.9100000858306885,2.9100000858306885,84200,2.9100000858306885
2012-11-06,2.9600000381469727,2.9100000858306885,2.930000066757202,2.940000057220459,66700,2.940000057220459
2012-11-07,2.9000000953674316,2.799999952316284,2.890000104904175,2.799999952316284,172800,2.799999952316284
2012-11-08,2.9000000953674316,2.75,2.8399999141693115,2.75,146900,2.75
2012-11-09,2.890000104904175,2.759999990463257,2.7899999618530273,2.859999895095825,190100,2.859999895095825
2012-11-12,2.880000114440918,2.7300000190734863,2.869999885559082,2.740000009536743,192900,2.740000009536743
2012-11-13,2.759999990463257,2.619999885559082,2.7300000190734863,2.619999885559082,189600,2.619999885559082
2012-11-14,2.75,2.549999952316284,2.630000114440918,2.569999933242798,218800,2.569999933242798
2012-11-15,2.6500000953674316,2.5399999618530273,2.5799999237060547,2.5899999141693115,166700,2.5899999141693115
2012-11-16,2.5899999141693115,2.5,2.5799999237060547,2.509999990463257,290600,2.509999990463257
2012-11-19,2.5999999046325684,2.5,2.5,2.5899999141693115,192400,2.5899999141693115
2012-11-20,2.619999885559082,2.559999942779541,2.569999933242798,2.569999933242798,48700,2.569999933242798
2012-11-21,2.569999933242798,2.5299999713897705,2.559999942779541,2.559999942779541,67700,2.559999942779541
2012-11-23,2.630000114440918,2.549999952316284,2.549999952316284,2.619999885559082,77300,2.619999885559082
2012-11-26,2.7300000190734863,2.619999885559082,2.640000104904175,2.6700000762939453,276200,2.6700000762939453
2012-11-27,2.7300000190734863,2.6500000953674316,2.6600000858306885,2.700000047683716,174900,2.700000047683716
2012-11-28,2.75,2.569999933242798,2.680000066757202,2.609999895095825,134700,2.609999895095825
2012-11-29,2.690000057220459,2.630000114440918,2.630000114440918,2.690000057220459,179000,2.690000057220459
2012-11-30,2.740000009536743,2.680000066757202,2.690000057220459,2.740000009536743,126100,2.740000009536743
2012-12-03,2.759999990463257,2.740000009536743,2.759999990463257,2.75,177800,2.75
2012-12-04,2.799999952316284,2.7300000190734863,2.75,2.799999952316284,82500,2.799999952316284
2012-12-05,2.8499999046325684,2.690000057220459,2.809999942779541,2.7100000381469727,377500,2.7100000381469727
2012-12-06,2.809999942779541,2.690000057220459,2.700000047683716,2.7200000286102295,121300,2.7200000286102295
2012-12-07,2.740000009536743,2.6500000953674316,2.740000009536743,2.7200000286102295,383400,2.7200000286102295
2012-12-10,2.75,2.700000047683716,2.7300000190734863,2.7300000190734863,176500,2.7300000190734863
2012-12-11,2.7799999713897705,2.7100000381469727,2.740000009536743,2.7799999713897705,194700,2.7799999713897705
2012-12-12,2.809999942779541,2.740000009536743,2.799999952316284,2.7899999618530273,97700,2.7899999618530273
2012-12-13,2.809999942779541,2.690000057220459,2.799999952316284,2.7200000286102295,113400,2.7200000286102295
2012-12-14,2.759999990463257,2.680000066757202,2.700000047683716,2.690000057220459,185200,2.690000057220459
2012-12-17,2.7699999809265137,2.6700000762939453,2.7100000381469727,2.759999990463257,124700,2.759999990463257
2012-12-18,2.809999942779541,2.7100000381469727,2.7699999809265137,2.809999942779541,199400,2.809999942779541
2012-12-19,2.8499999046325684,2.759999990463257,2.809999942779541,2.8499999046325684,150700,2.8499999046325684
2012-12-20,2.9000000953674316,2.7699999809265137,2.8399999141693115,2.880000114440918,225900,2.880000114440918
2012-12-21,2.880000114440918,2.759999990463257,2.859999895095825,2.7899999618530273,553800,2.7899999618530273
2012-12-24,2.819999933242798,2.7300000190734863,2.7799999713897705,2.75,92800,2.75
2012-12-26,2.799999952316284,2.7200000286102295,2.75,2.75,121000,2.75
2012-12-27,2.75,2.6500000953674316,2.75,2.700000047683716,189500,2.700000047683716
2012-12-28,2.819999933242798,2.700000047683716,2.700000047683716,2.819999933242798,115200,2.819999933242798
2012-12-31,2.8499999046325684,2.759999990463257,2.8299999237060547,2.7899999618530273,207700,2.7899999618530273
2013-01-02,3.0,2.869999885559082,2.9000000953674316,2.940000057220459,372200,2.940000057220459
2013-01-03,2.9800000190734863,2.8399999141693115,2.950000047683716,2.8399999141693115,218200,2.8399999141693115
2013-01-04,2.940000057220459,2.869999885559082,2.869999885559082,2.9000000953674316,230800,2.9000000953674316
2013-01-07,2.9800000190734863,2.880000114440918,2.9100000858306885,2.950000047683716,210000,2.950000047683716
2013-01-08,3.0,2.880000114440918,2.950000047683716,2.990000009536743,144200,2.990000009536743
2013-01-09,3.180000066757202,2.990000009536743,2.990000009536743,3.1600000858306885,507800,3.1600000858306885
2013-01-10,3.240000009536743,3.109999895095825,3.1600000858306885,3.1600000858306885,301500,3.1600000858306885
2013-01-11,3.1500000953674316,3.0999999046325684,3.1500000953674316,3.130000114440918,133600,3.130000114440918
2013-01-14,3.2200000286102295,3.1600000858306885,3.1600000858306885,3.2100000381469727,213700,3.2100000381469727
2013-01-15,3.2200000286102295,3.119999885559082,3.190000057220459,3.2200000286102295,162900,3.2200000286102295
2013-01-16,3.25,3.109999895095825,3.2200000286102295,3.119999885559082,277400,3.119999885559082
2013-01-17,3.180000066757202,3.109999895095825,3.119999885559082,3.130000114440918,131500,3.130000114440918
2013-01-18,3.1500000953674316,3.0199999809265137,3.140000104904175,3.0299999713897705,337600,3.0299999713897705
2013-01-22,3.0999999046325684,3.009999990463257,3.009999990463257,3.0899999141693115,200100,3.0899999141693115
2013-01-23,3.1600000858306885,3.049999952316284,3.119999885559082,3.0999999046325684,169000,3.0999999046325684
2013-01-24,3.140000104904175,3.069999933242798,3.0899999141693115,3.109999895095825,149100,3.109999895095825
2013-01-25,3.190000057220459,3.0799999237060547,3.130000114440918,3.190000057220459,245300,3.190000057220459
2013-01-28,3.369999885559082,3.180000066757202,3.190000057220459,3.3499999046325684,576200,3.3499999046325684
2013-01-29,3.4100000858306885,3.259999990463257,3.369999885559082,3.3499999046325684,319800,3.3499999046325684
2013-01-30,3.390000104904175,3.2899999618530273,3.359999895095825,3.2899999618530273,211200,3.2899999618530273
2013-01-31,3.3299999237060547,3.2300000190734863,3.2699999809265137,3.259999990463257,145400,3.259999990463257
2013-02-01,3.4000000953674316,3.25,3.2899999618530273,3.359999895095825,260500,3.359999895095825
2013-02-04,3.3499999046325684,3.2699999809265137,3.3499999046325684,3.2799999713897705,230400,3.2799999713897705
2013-02-05,3.299999952316284,3.190000057220459,3.2899999618530273,3.2100000381469727,189400,3.2100000381469727
2013-02-06,3.369999885559082,3.200000047683716,3.2100000381469727,3.3399999141693115,196000,3.3399999141693115
2013-02-07,3.3299999237060547,3.2200000286102295,3.3299999237060547,3.240000009536743,100400,3.240000009536743
2013-02-08,3.359999895095825,3.25,3.2699999809265137,3.299999952316284,136800,3.299999952316284
2013-02-11,3.3299999237060547,3.2300000190734863,3.309999942779541,3.240000009536743,115000,3.240000009536743
2013-02-12,3.259999990463257,3.200000047683716,3.240000009536743,3.240000009536743,82300,3.240000009536743
2013-02-13,3.240000009536743,3.190000057220459,3.240000009536743,3.2100000381469727,68600,3.2100000381469727
2013-02-14,3.2899999618530273,3.190000057220459,3.200000047683716,3.2799999713897705,352500,3.2799999713897705
2013-02-15,3.4200000762939453,3.2899999618530273,3.319999933242798,3.380000114440918,555400,3.380000114440918
2013-02-19,3.509999990463257,3.3499999046325684,3.380000114440918,3.430000066757202,664900,3.430000066757202
2013-02-20,3.549999952316284,3.1600000858306885,3.4000000953674316,3.490000009536743,832100,3.490000009536743
2013-02-21,3.5399999618530273,3.430000066757202,3.450000047683716,3.450000047683716,1359900,3.450000047683716
2013-02-22,3.509999990463257,3.4100000858306885,3.4800000190734863,3.4800000190734863,782900,3.4800000190734863
2013-02-25,3.5999999046325684,3.390000104904175,3.5399999618530273,3.4000000953674316,706100,3.4000000953674316
2013-02-26,3.4600000381469727,3.4000000953674316,3.4200000762939453,3.430000066757202,307300,3.430000066757202
2013-02-27,3.5199999809265137,3.4100000858306885,3.450000047683716,3.5,309300,3.5
2013-02-28,3.7799999713897705,3.490000009536743,3.5,3.7699999809265137,1655200,3.7699999809265137
2013-03-01,3.7300000190734863,3.5999999046325684,3.700000047683716,3.690000057220459,289900,3.690000057220459
2013-03-04,3.700000047683716,3.609999895095825,3.700000047683716,3.6600000858306885,399000,3.6600000858306885
2013-03-05,3.700000047683716,3.6500000953674316,3.690000057220459,3.700000047683716,241400,3.700000047683716
2013-03-06,3.7100000381469727,3.630000114440918,3.700000047683716,3.6600000858306885,141500,3.6600000858306885
2013-03-07,3.700000047683716,3.6500000953674316,3.6600000858306885,3.690000057220459,195500,3.690000057220459
2013-03-08,3.700000047683716,3.609999895095825,3.700000047683716,3.6700000762939453,201900,3.6700000762939453
2013-03-11,3.890000104904175,3.630000114440918,3.6700000762939453,3.880000114440918,748100,3.880000114440918
2013-03-12,3.9000000953674316,3.8399999141693115,3.859999895095825,3.8499999046325684,252000,3.8499999046325684
2013-03-13,3.8399999141693115,3.759999990463257,3.8399999141693115,3.7799999713897705,198100,3.7799999713897705
2013-03-14,3.859999895095825,3.7200000286102295,3.7799999713897705,3.8399999141693115,314700,3.8399999141693115
2013-03-15,3.8399999141693115,3.7699999809265137,3.809999942779541,3.8299999237060547,380700,3.8299999237060547
2013-03-18,3.8499999046325684,3.75,3.7699999809265137,3.799999952316284,269400,3.799999952316284
2013-03-19,3.799999952316284,3.5299999713897705,3.799999952316284,3.609999895095825,489700,3.609999895095825
2013-03-20,3.7699999809265137,3.549999952316284,3.5999999046325684,3.7200000286102295,270300,3.7200000286102295
2013-03-21,3.7200000286102295,3.5999999046325684,3.700000047683716,3.6500000953674316,173800,3.6500000953674316
2013-03-22,3.7100000381469727,3.5999999046325684,3.6500000953674316,3.640000104904175,250700,3.640000104904175
2013-03-25,3.740000009536743,3.630000114440918,3.6500000953674316,3.700000047683716,177400,3.700000047683716
2013-03-26,3.7300000190734863,3.619999885559082,3.7300000190734863,3.680000066757202,144000,3.680000066757202
2013-03-27,3.690000057220459,3.5999999046325684,3.6600000858306885,3.609999895095825,226600,3.609999895095825
2013-03-28,3.619999885559082,3.5399999618530273,3.619999885559082,3.5799999237060547,565600,3.5799999237060547
2013-04-01,3.619999885559082,3.4700000286102295,3.5899999141693115,3.5399999618530273,496100,3.5399999618530273
2013-04-02,3.630000114440918,3.5299999713897705,3.5299999713897705,3.5799999237060547,351700,3.5799999237060547
2013-04-03,3.630000114440918,3.490000009536743,3.5799999237060547,3.5299999713897705,286200,3.5299999713897705
2013-04-04,3.5999999046325684,3.4200000762939453,3.509999990463257,3.5999999046325684,361900,3.5999999046325684
2013-04-05,3.5799999237060547,3.490000009536743,3.559999942779541,3.569999933242798,220800,3.569999933242798
2013-04-08,3.759999990463257,3.5899999141693115,3.5899999141693115,3.75,396600,3.75
2013-04-09,3.880000114440918,3.75,3.7699999809265137,3.8499999046325684,617900,3.8499999046325684
2013-04-10,3.940000057220459,3.819999933242798,3.8499999046325684,3.9100000858306885,1202900,3.9100000858306885
2013-04-11,3.9100000858306885,3.680000066757202,3.9100000858306885,3.740000009536743,737500,3.740000009536743
2013-04-12,3.7799999713897705,3.640000104904175,3.75,3.7100000381469727,486400,3.7100000381469727
2013-04-15,3.7300000190734863,3.369999885559082,3.6600000858306885,3.4600000381469727,658500,3.4600000381469727
2013-04-16,3.7799999713897705,3.6600000858306885,3.6600000858306885,3.7699999809265137,545300,3.7699999809265137
2013-04-17,3.75,3.5999999046325684,3.7100000381469727,3.640000104904175,637800,3.640000104904175
2013-04-18,3.7300000190734863,3.549999952316284,3.619999885559082,3.7300000190734863,450000,3.7300000190734863
2013-04-19,3.75,3.619999885559082,3.700000047683716,3.6700000762939453,282400,3.6700000762939453
2013-04-22,3.690000057220459,3.549999952316284,3.6700000762939453,3.630000114440918,291900,3.630000114440918
2013-04-23,3.75,3.609999895095825,3.680000066757202,3.7200000286102295,718500,3.7200000286102295
2013-04-24,3.799999952316284,3.619999885559082,3.700000047683716,3.740000009536743,740600,3.740000009536743
2013-04-25,3.7899999618530273,3.640000104904175,3.7799999713897705,3.6500000953674316,396000,3.6500000953674316
2013-04-26,3.6700000762939453,3.5399999618530273,3.640000104904175,3.6500000953674316,323300,3.6500000953674316
2013-04-29,3.740000009536743,3.6600000858306885,3.700000047683716,3.6700000762939453,357700,3.6700000762939453
2013-04-30,3.819999933242798,3.700000047683716,3.700000047683716,3.759999990463257,759800,3.759999990463257
2013-05-01,3.759999990463257,3.609999895095825,3.75,3.609999895095825,369500,3.609999895095825
2013-05-02,3.6700000762939453,3.5999999046325684,3.640000104904175,3.6600000858306885,192800,3.6600000858306885
2013-05-03,3.799999952316284,3.700000047683716,3.7100000381469727,3.7300000190734863,294000,3.7300000190734863
2013-05-06,3.75,3.6600000858306885,3.7300000190734863,3.690000057220459,197100,3.690000057220459
2013-05-07,3.7699999809265137,3.6700000762939453,3.740000009536743,3.7200000286102295,190700,3.7200000286102295
2013-05-08,3.740000009536743,3.630000114440918,3.7200000286102295,3.6700000762939453,285400,3.6700000762939453
2013-05-09,3.700000047683716,3.619999885559082,3.680000066757202,3.6500000953674316,207400,3.6500000953674316
2013-05-10,3.680000066757202,3.5999999046325684,3.680000066757202,3.6500000953674316,137900,3.6500000953674316
2013-05-13,3.6600000858306885,3.5999999046325684,3.6500000953674316,3.6500000953674316,183700,3.6500000953674316
2013-05-14,3.7100000381469727,3.5999999046325684,3.6500000953674316,3.619999885559082,547900,3.619999885559082
2013-05-15,3.8499999046325684,3.6500000953674316,3.6500000953674316,3.8299999237060547,507900,3.8299999237060547
2013-05-16,4.110000133514404,3.7799999713897705,3.819999933242798,4.039999961853027,2511600,4.039999961853027
2013-05-17,4.199999809265137,3.940000057220459,4.050000190734863,3.9600000381469727,947000,3.9600000381469727
2013-05-20,4.019999980926514,3.759999990463257,3.9800000190734863,3.819999933242798,535800,3.819999933242798
2013-05-21,3.880000114440918,3.7799999713897705,3.799999952316284,3.7899999618530273,149500,3.7899999618530273
2013-05-22,3.890000104904175,3.75,3.799999952316284,3.7699999809265137,519800,3.7699999809265137
2013-05-23,3.819999933242798,3.700000047683716,3.740000009536743,3.809999942779541,296600,3.809999942779541
2013-05-24,3.799999952316284,3.690000057220459,3.7899999618530273,3.700000047683716,456000,3.700000047683716
2013-05-28,3.799999952316284,3.6700000762939453,3.75,3.700000047683716,330300,3.700000047683716
2013-05-29,3.809999942779541,3.6600000858306885,3.680000066757202,3.799999952316284,265400,3.799999952316284
2013-05-30,4.119999885559082,3.869999885559082,3.869999885559082,4.070000171661377,1074100,4.070000171661377
2013-05-31,4.090000152587891,3.9600000381469727,4.03000020980835,3.990000009536743,543000,3.990000009536743
2013-06-03,4.070000171661377,3.869999885559082,3.990000009536743,3.9800000190734863,493700,3.9800000190734863
2013-06-04,4.03000020980835,3.9000000953674316,4.0,3.940000057220459,209400,3.940000057220459
2013-06-05,4.0,3.869999885559082,3.950000047683716,3.9700000286102295,184800,3.9700000286102295
2013-06-06,4.0,3.9000000953674316,3.9700000286102295,3.9800000190734863,196100,3.9800000190734863
2013-06-07,4.039999961853027,3.9200000762939453,3.9700000286102295,4.03000020980835,164400,4.03000020980835
2013-06-10,4.090000152587891,4.019999980926514,4.059999942779541,4.070000171661377,188100,4.070000171661377
2013-06-11,4.210000038146973,4.010000228881836,4.050000190734863,4.130000114440918,934800,4.130000114440918
2013-06-12,4.159999847412109,4.010000228881836,4.159999847412109,4.019999980926514,484400,4.019999980926514
2013-06-13,4.03000020980835,3.950000047683716,4.03000020980835,4.0,310600,4.0
2013-06-14,4.010000228881836,3.9000000953674316,3.9800000190734863,3.930000066757202,216200,3.930000066757202
2013-06-17,4.070000171661377,3.9100000858306885,3.9800000190734863,4.050000190734863,214100,4.050000190734863
2013-06-18,4.230000019073486,3.990000009536743,4.070000171661377,4.150000095367432,629900,4.150000095367432
2013-06-19,4.230000019073486,4.110000133514404,4.150000095367432,4.130000114440918,247100,4.130000114440918
2013-06-20,4.110000133514404,4.019999980926514,4.059999942779541,4.059999942779541,211200,4.059999942779541
2013-06-21,4.099999904632568,4.019999980926514,4.090000152587891,4.090000152587891,373300,4.090000152587891
2013-06-24,4.199999809265137,4.0,4.070000171661377,4.119999885559082,398700,4.119999885559082
2013-06-25,4.179999828338623,4.099999904632568,4.179999828338623,4.119999885559082,195000,4.119999885559082
2013-06-26,4.170000076293945,4.059999942779541,4.150000095367432,4.110000133514404,159900,4.110000133514404
2013-06-27,4.239999771118164,4.050000190734863,4.150000095367432,4.179999828338623,284500,4.179999828338623
2013-06-28,4.320000171661377,4.159999847412109,4.170000076293945,4.230000019073486,1063700,4.230000019073486
2013-07-01,4.349999904632568,4.210000038146973,4.25,4.320000171661377,434100,4.320000171661377
2013-07-02,4.349999904632568,4.150000095367432,4.340000152587891,4.190000057220459,299100,4.190000057220459
2013-07-03,4.289999961853027,4.199999809265137,4.21999979019165,4.230000019073486,206900,4.230000019073486
2013-07-05,4.309999942779541,4.190000057220459,4.25,4.28000020980835,210400,4.28000020980835
2013-07-08,4.300000190734863,4.230000019073486,4.300000190734863,4.239999771118164,255600,4.239999771118164
2013-07-09,4.349999904632568,4.239999771118164,4.28000020980835,4.329999923706055,442200,4.329999923706055
2013-07-10,4.329999923706055,4.269999980926514,4.300000190734863,4.28000020980835,286100,4.28000020980835
2013-07-11,4.340000152587891,4.289999961853027,4.320000171661377,4.300000190734863,280400,4.300000190734863
2013-07-12,4.400000095367432,4.269999980926514,4.309999942779541,4.269999980926514,513500,4.269999980926514
2013-07-15,4.400000095367432,4.269999980926514,4.289999961853027,4.400000095367432,355200,4.400000095367432
2013-07-16,4.429999828338623,4.349999904632568,4.400000095367432,4.429999828338623,266300,4.429999828338623
2013-07-17,4.449999809265137,4.340000152587891,4.449999809265137,4.360000133514404,222700,4.360000133514404
2013-07-18,4.429999828338623,4.199999809265137,4.389999866485596,4.21999979019165,459100,4.21999979019165
2013-07-19,4.210000038146973,4.090000152587891,4.199999809265137,4.139999866485596,523200,4.139999866485596
2013-07-22,4.199999809265137,4.099999904632568,4.110000133514404,4.179999828338623,464700,4.179999828338623
2013-07-23,4.349999904632568,4.190000057220459,4.210000038146973,4.289999961853027,456300,4.289999961853027
2013-07-24,4.329999923706055,4.159999847412109,4.269999980926514,4.25,890500,4.25
2013-07-25,4.550000190734863,4.239999771118164,4.239999771118164,4.53000020980835,868000,4.53000020980835
2013-07-26,4.550000190734863,4.380000114440918,4.480000019073486,4.460000038146973,950200,4.460000038146973
2013-07-29,4.539999961853027,4.389999866485596,4.449999809265137,4.5,362300,4.5
2013-07-30,4.579999923706055,4.510000228881836,4.53000020980835,4.559999942779541,334100,4.559999942779541
2013-07-31,4.579999923706055,4.460000038146973,4.559999942779541,4.5,266900,4.5
2013-08-01,4.599999904632568,4.5,4.559999942779541,4.590000152587891,391900,4.590000152587891
2013-08-02,4.679999828338623,4.519999980926514,4.590000152587891,4.630000114440918,321900,4.630000114440918
2013-08-05,4.650000095367432,4.570000171661377,4.639999866485596,4.630000114440918,249600,4.630000114440918
2013-08-06,4.690000057220459,4.579999923706055,4.630000114440918,4.599999904632568,241400,4.599999904632568
2013-08-07,4.71999979019165,4.510000228881836,4.599999904632568,4.650000095367432,486800,4.650000095367432
2013-08-08,4.699999809265137,4.510000228881836,4.690000057220459,4.539999961853027,331500,4.539999961853027
2013-08-09,4.539999961853027,4.449999809265137,4.519999980926514,4.5,221700,4.5
2013-08-12,4.5,4.320000171661377,4.46999979019165,4.449999809265137,527500,4.449999809265137
2013-08-13,4.480000019073486,4.369999885559082,4.440000057220459,4.400000095367432,251100,4.400000095367432
2013-08-14,4.510000228881836,4.369999885559082,4.429999828338623,4.46999979019165,263100,4.46999979019165
2013-08-15,4.460000038146973,4.309999942779541,4.449999809265137,4.329999923706055,307100,4.329999923706055
2013-08-16,4.409999847412109,4.300000190734863,4.309999942779541,4.320000171661377,283800,4.320000171661377
2013-08-19,4.480000019073486,4.320000171661377,4.320000171661377,4.429999828338623,298900,4.429999828338623
2013-08-20,4.539999961853027,4.400000095367432,4.420000076293945,4.489999771118164,215100,4.489999771118164
2013-08-21,4.539999961853027,4.429999828338623,4.480000019073486,4.440000057220459,141600,4.440000057220459
2013-08-22,4.539999961853027,4.429999828338623,4.440000057220459,4.449999809265137,143600,4.449999809265137
2013-08-23,4.460000038146973,4.320000171661377,4.449999809265137,4.400000095367432,140300,4.400000095367432
2013-08-26,4.480000019073486,4.369999885559082,4.400000095367432,4.440000057220459,302900,4.440000057220459
2013-08-27,4.429999828338623,4.309999942779541,4.389999866485596,4.320000171661377,297900,4.320000171661377
2013-08-28,4.329999923706055,4.199999809265137,4.320000171661377,4.289999961853027,223900,4.289999961853027
2013-08-29,4.340000152587891,4.199999809265137,4.269999980926514,4.309999942779541,251300,4.309999942779541
2013-08-30,4.340000152587891,4.25,4.289999961853027,4.309999942779541,154500,4.309999942779541
2013-09-03,4.480000019073486,4.329999923706055,4.329999923706055,4.440000057220459,182100,4.440000057220459
2013-09-04,4.480000019073486,4.420000076293945,4.429999828338623,4.46999979019165,148400,4.46999979019165
2013-09-05,4.650000095367432,4.449999809265137,4.46999979019165,4.579999923706055,238100,4.579999923706055
2013-09-06,4.619999885559082,4.460000038146973,4.610000133514404,4.480000019073486,134700,4.480000019073486
2013-09-09,4.610000133514404,4.480000019073486,4.480000019073486,4.610000133514404,149400,4.610000133514404
2013-09-10,4.650000095367432,4.559999942779541,4.619999885559082,4.599999904632568,172900,4.599999904632568
2013-09-11,4.690000057220459,4.590000152587891,4.599999904632568,4.679999828338623,247100,4.679999828338623
2013-09-12,4.670000076293945,4.550000190734863,4.659999847412109,4.550000190734863,192600,4.550000190734863
2013-09-13,4.570000171661377,4.460000038146973,4.570000171661377,4.519999980926514,243700,4.519999980926514
2013-09-16,4.599999904632568,4.539999961853027,4.570000171661377,4.559999942779541,197600,4.559999942779541
2013-09-17,4.650000095367432,4.510000228881836,4.590000152587891,4.630000114440918,246500,4.630000114440918
2013-09-18,4.860000133514404,4.690000057220459,4.699999809265137,4.820000171661377,707700,4.820000171661377
2013-09-19,4.869999885559082,4.710000038146973,4.849999904632568,4.829999923706055,315500,4.829999923706055
2013-09-20,4.940000057220459,4.769999980926514,4.829999923706055,4.940000057220459,808100,4.940000057220459
2013-09-23,5.03000020980835,4.800000190734863,4.980000019073486,4.909999847412109,484500,4.909999847412109
2013-09-24,4.929999828338623,4.800000190734863,4.920000076293945,4.829999923706055,538100,4.829999923706055
2013-09-25,4.960000038146973,4.800000190734863,4.829999923706055,4.889999866485596,538600,4.889999866485596
2013-09-26,4.980000019073486,4.869999885559082,4.920000076293945,4.929999828338623,395200,4.929999828338623
2013-09-27,5.0,4.860000133514404,4.889999866485596,4.889999866485596,367900,4.889999866485596
2013-09-30,4.909999847412109,4.760000228881836,4.849999904632568,4.900000095367432,404200,4.900000095367432
2013-10-01,4.929999828338623,4.829999923706055,4.869999885559082,4.860000133514404,276800,4.860000133514404
2013-10-02,4.889999866485596,4.800000190734863,4.840000152587891,4.829999923706055,368500,4.829999923706055
2013-10-03,4.849999904632568,4.679999828338623,4.840000152587891,4.800000190734863,458400,4.800000190734863
2013-10-04,4.920000076293945,4.739999771118164,4.769999980926514,4.869999885559082,310200,4.869999885559082
2013-10-07,4.929999828338623,4.75,4.820000171661377,4.829999923706055,393900,4.829999923706055
2013-10-08,4.809999942779541,4.420000076293945,4.809999942779541,4.460000038146973,753500,4.460000038146973
2013-10-09,4.5,4.289999961853027,4.400000095367432,4.380000114440918,696000,4.380000114440918
2013-10-10,4.559999942779541,4.409999847412109,4.449999809265137,4.559999942779541,409100,4.559999942779541
2013-10-11,4.769999980926514,4.5,4.53000020980835,4.760000228881836,308800,4.760000228881836
2013-10-14,4.869999885559082,4.679999828338623,4.710000038146973,4.849999904632568,284200,4.849999904632568
2013-10-15,4.840000152587891,4.739999771118164,4.840000152587891,4.78000020980835,418900,4.78000020980835
2013-10-16,4.829999923706055,4.650000095367432,4.78000020980835,4.75,287600,4.75
2013-10-17,4.78000020980835,4.670000076293945,4.75,4.769999980926514,359100,4.769999980926514
2013-10-18,4.829999923706055,4.71999979019165,4.829999923706055,4.829999923706055,275800,4.829999923706055
2013-10-21,4.940000057220459,4.820000171661377,4.820000171661377,4.889999866485596,327300,4.889999866485596
2013-10-22,4.96999979019165,4.789999961853027,4.900000095367432,4.889999866485596,488700,4.889999866485596
2013-10-23,4.880000114440918,4.449999809265137,4.860000133514404,4.510000228881836,1474900,4.510000228881836
2013-10-24,4.650000095367432,4.539999961853027,4.570000171661377,4.610000133514404,455300,4.610000133514404
2013-10-25,4.670000076293945,4.449999809265137,4.639999866485596,4.489999771118164,545300,4.489999771118164
2013-10-28,4.550000190734863,4.25,4.489999771118164,4.289999961853027,470400,4.289999961853027
2013-10-29,4.340000152587891,4.21999979019165,4.300000190734863,4.260000228881836,289400,4.260000228881836
2013-10-30,4.320000171661377,4.119999885559082,4.260000228881836,4.150000095367432,858600,4.150000095367432
2013-10-31,4.170000076293945,3.9000000953674316,4.139999866485596,4.079999923706055,1600900,4.079999923706055
2013-11-01,4.130000114440918,4.010000228881836,4.119999885559082,4.119999885559082,601700,4.119999885559082
2013-11-04,4.449999809265137,4.099999904632568,4.110000133514404,4.420000076293945,484400,4.420000076293945
2013-11-05,4.409999847412109,4.210000038146973,4.409999847412109,4.210000038146973,370100,4.210000038146973
2013-11-06,4.320000171661377,4.139999866485596,4.25,4.190000057220459,313300,4.190000057220459
2013-11-07,4.400000095367432,4.210000038146973,4.25,4.21999979019165,562600,4.21999979019165
2013-11-08,4.269999980926514,4.170000076293945,4.210000038146973,4.25,343600,4.25
2013-11-11,4.349999904632568,4.199999809265137,4.21999979019165,4.289999961853027,412500,4.289999961853027
2013-11-12,4.400000095367432,4.21999979019165,4.260000228881836,4.340000152587891,471300,4.340000152587891
2013-11-13,4.5,4.309999942779541,4.329999923706055,4.489999771118164,396300,4.489999771118164
2013-11-14,4.489999771118164,4.400000095367432,4.46999979019165,4.429999828338623,267800,4.429999828338623
2013-11-15,4.5,4.400000095367432,4.429999828338623,4.480000019073486,309000,4.480000019073486
2013-11-18,4.510000228881836,4.389999866485596,4.480000019073486,4.409999847412109,311300,4.409999847412109
2013-11-19,4.5,4.369999885559082,4.400000095367432,4.46999979019165,278800,4.46999979019165
2013-11-20,4.519999980926514,4.400000095367432,4.5,4.5,337600,4.5
2013-11-21,4.630000114440918,4.5,4.519999980926514,4.550000190734863,610500,4.550000190734863
2013-11-22,4.590000152587891,4.489999771118164,4.53000020980835,4.489999771118164,178100,4.489999771118164
2013-11-25,4.570000171661377,4.449999809265137,4.489999771118164,4.539999961853027,199400,4.539999961853027
2013-11-26,4.630000114440918,4.46999979019165,4.53000020980835,4.619999885559082,226100,4.619999885559082
2013-11-27,4.619999885559082,4.510000228881836,4.610000133514404,4.619999885559082,212500,4.619999885559082
2013-11-29,4.639999866485596,4.570000171661377,4.639999866485596,4.630000114440918,100000,4.630000114440918
2013-12-02,4.599999904632568,4.289999961853027,4.599999904632568,4.329999923706055,455000,4.329999923706055
2013-12-03,4.400000095367432,4.139999866485596,4.309999942779541,4.179999828338623,461800,4.179999828338623
2013-12-04,4.340000152587891,4.150000095367432,4.179999828338623,4.309999942779541,251600,4.309999942779541
2013-12-05,4.369999885559082,4.199999809265137,4.300000190734863,4.210000038146973,245200,4.210000038146973
2013-12-06,4.349999904632568,4.199999809265137,4.269999980926514,4.28000020980835,137000,4.28000020980835
2013-12-09,4.360000133514404,4.269999980926514,4.300000190734863,4.340000152587891,208100,4.340000152587891
2013-12-10,4.46999979019165,4.309999942779541,4.329999923706055,4.420000076293945,292800,4.420000076293945
2013-12-11,4.489999771118164,4.360000133514404,4.409999847412109,4.369999885559082,345800,4.369999885559082
2013-12-12,4.449999809265137,4.309999942779541,4.360000133514404,4.360000133514404,254100,4.360000133514404
2013-12-13,4.46999979019165,4.360000133514404,4.360000133514404,4.449999809265137,236100,4.449999809265137
2013-12-16,4.539999961853027,4.449999809265137,4.460000038146973,4.489999771118164,403300,4.489999771118164
2013-12-17,4.539999961853027,4.409999847412109,4.5,4.519999980926514,194300,4.519999980926514
2013-12-18,4.599999904632568,4.480000019073486,4.539999961853027,4.590000152587891,197300,4.590000152587891
2013-12-19,4.650000095367432,4.489999771118164,4.590000152587891,4.53000020980835,208700,4.53000020980835
2013-12-20,4.650000095367432,4.449999809265137,4.550000190734863,4.599999904632568,390900,4.599999904632568
2013-12-23,4.639999866485596,4.559999942779541,4.639999866485596,4.559999942779541,174800,4.559999942779541
2013-12-24,4.630000114440918,4.539999961853027,4.559999942779541,4.599999904632568,109000,4.599999904632568
2013-12-26,4.630000114440918,4.5,4.599999904632568,4.550000190734863,199300,4.550000190734863
2013-12-27,4.550000190734863,4.489999771118164,4.550000190734863,4.510000228881836,192500,4.510000228881836
2013-12-30,4.550000190734863,4.46999979019165,4.480000019073486,4.539999961853027,183700,4.539999961853027
2013-12-31,4.619999885559082,4.510000228881836,4.519999980926514,4.559999942779541,269800,4.559999942779541
2014-01-02,4.590000152587891,4.480000019073486,4.570000171661377,4.570000171661377,172900,4.570000171661377
2014-01-03,4.610000133514404,4.510000228881836,4.559999942779541,4.539999961853027,167100,4.539999961853027
2014-01-06,4.650000095367432,4.539999961853027,4.559999942779541,4.559999942779541,221800,4.559999942779541
2014-01-07,4.650000095367432,4.510000228881836,4.610000133514404,4.630000114440918,222000,4.630000114440918
2014-01-08,4.940000057220459,4.599999904632568,4.610000133514404,4.880000114440918,989500,4.880000114440918
2014-01-09,4.900000095367432,4.639999866485596,4.880000114440918,4.659999847412109,511400,4.659999847412109
2014-01-10,4.78000020980835,4.659999847412109,4.699999809265137,4.699999809265137,331500,4.699999809265137
2014-01-13,4.789999961853027,4.619999885559082,4.679999828338623,4.650000095367432,264600,4.650000095367432
2014-01-14,4.730000019073486,4.630000114440918,4.690000057220459,4.690000057220459,150900,4.690000057220459
2014-01-15,4.78000020980835,4.630000114440918,4.71999979019165,4.739999771118164,213400,4.739999771118164
2014-01-16,4.78000020980835,4.710000038146973,4.760000228881836,4.75,193300,4.75
2014-01-17,4.760000228881836,4.630000114440918,4.760000228881836,4.679999828338623,152100,4.679999828338623
2014-01-21,4.75,4.559999942779541,4.730000019073486,4.619999885559082,277900,4.619999885559082
2014-01-22,4.769999980926514,4.599999904632568,4.619999885559082,4.75,354200,4.75
2014-01-23,4.75,4.659999847412109,4.75,4.690000057220459,207200,4.690000057220459
2014-01-24,4.710000038146973,4.570000171661377,4.639999866485596,4.610000133514404,262500,4.610000133514404
2014-01-27,4.71999979019165,4.5,4.579999923706055,4.630000114440918,465900,4.630000114440918
2014-01-28,4.739999771118164,4.46999979019165,4.639999866485596,4.550000190734863,358000,4.550000190734863
2014-01-29,4.639999866485596,4.409999847412109,4.489999771118164,4.489999771118164,285300,4.489999771118164
2014-01-30,4.650000095367432,4.5,4.519999980926514,4.539999961853027,230500,4.539999961853027
2014-01-31,4.550000190734863,4.46999979019165,4.46999979019165,4.489999771118164,282900,4.489999771118164
2014-02-03,4.630000114440918,4.400000095367432,4.5,4.409999847412109,402100,4.409999847412109
2014-02-04,4.539999961853027,4.389999866485596,4.409999847412109,4.46999979019165,272800,4.46999979019165
2014-02-05,4.519999980926514,4.309999942779541,4.449999809265137,4.5,310700,4.5
2014-02-06,4.599999904632568,4.46999979019165,4.539999961853027,4.510000228881836,230100,4.510000228881836
2014-02-07,4.579999923706055,4.489999771118164,4.5,4.519999980926514,180800,4.519999980926514
2014-02-10,4.570000171661377,4.480000019073486,4.53000020980835,4.539999961853027,180100,4.539999961853027
2014-02-11,4.559999942779541,4.489999771118164,4.519999980926514,4.5,216700,4.5
2014-02-12,4.53000020980835,4.429999828338623,4.5,4.449999809265137,285100,4.449999809265137
2014-02-13,4.539999961853027,4.420000076293945,4.429999828338623,4.5,272700,4.5
2014-02-14,4.53000020980835,4.420000076293945,4.510000228881836,4.429999828338623,355200,4.429999828338623
2014-02-18,4.559999942779541,4.449999809265137,4.460000038146973,4.510000228881836,555900,4.510000228881836
2014-02-19,4.550000190734863,4.110000133514404,4.25,4.550000190734863,1139200,4.550000190734863
2014-02-20,4.730000019073486,4.5,4.53000020980835,4.659999847412109,734900,4.659999847412109
2014-02-21,4.75,4.619999885559082,4.690000057220459,4.690000057220459,510800,4.690000057220459
2014-02-24,4.75,4.650000095367432,4.71999979019165,4.71999979019165,504400,4.71999979019165
2014-02-25,4.769999980926514,4.630000114440918,4.690000057220459,4.639999866485596,291700,4.639999866485596
2014-02-26,4.679999828338623,4.539999961853027,4.650000095367432,4.550000190734863,279500,4.550000190734863
2014-02-27,4.599999904632568,4.5,4.510000228881836,4.53000020980835,246900,4.53000020980835
2014-02-28,4.579999923706055,4.440000057220459,4.550000190734863,4.519999980926514,206400,4.519999980926514
2014-03-03,4.53000020980835,4.420000076293945,4.460000038146973,4.46999979019165,393400,4.46999979019165
2014-03-04,4.579999923706055,4.489999771118164,4.5,4.510000228881836,406300,4.510000228881836
2014-03-05,4.650000095367432,4.440000057220459,4.489999771118164,4.619999885559082,283500,4.619999885559082
2014-03-06,4.690000057220459,4.599999904632568,4.659999847412109,4.610000133514404,176000,4.610000133514404
2014-03-07,4.650000095367432,4.559999942779541,4.650000095367432,4.610000133514404,103000,4.610000133514404
2014-03-10,4.639999866485596,4.519999980926514,4.599999904632568,4.539999961853027,232900,4.539999961853027
2014-03-11,4.539999961853027,4.409999847412109,4.519999980926514,4.429999828338623,405800,4.429999828338623
2014-03-12,4.46999979019165,4.389999866485596,4.440000057220459,4.400000095367432,277500,4.400000095367432
2014-03-13,4.480000019073486,4.230000019073486,4.400000095367432,4.309999942779541,432400,4.309999942779541
2014-03-14,4.320000171661377,4.269999980926514,4.309999942779541,4.289999961853027,297400,4.289999961853027
2014-03-17,4.349999904632568,4.260000228881836,4.300000190734863,4.269999980926514,344500,4.269999980926514
2014-03-18,4.300000190734863,4.25,4.25,4.269999980926514,278300,4.269999980926514
2014-03-19,4.28000020980835,4.130000114440918,4.260000228881836,4.139999866485596,482300,4.139999866485596
2014-03-20,4.210000038146973,4.070000171661377,4.150000095367432,4.079999923706055,399000,4.079999923706055
2014-03-21,4.130000114440918,3.880000114440918,4.110000133514404,3.950000047683716,1762900,3.950000047683716
2014-03-24,4.119999885559082,4.010000228881836,4.039999961853027,4.110000133514404,557400,4.110000133514404
2014-03-25,4.199999809265137,4.119999885559082,4.150000095367432,4.179999828338623,388100,4.179999828338623
2014-03-26,4.239999771118164,4.170000076293945,4.230000019073486,4.190000057220459,623800,4.190000057220459
2014-03-27,4.269999980926514,4.179999828338623,4.190000057220459,4.230000019073486,334800,4.230000019073486
2014-03-28,4.269999980926514,4.130000114440918,4.210000038146973,4.170000076293945,323600,4.170000076293945
2014-03-31,4.25,4.139999866485596,4.170000076293945,4.139999866485596,272600,4.139999866485596
2014-04-01,4.21999979019165,4.119999885559082,4.179999828338623,4.179999828338623,273300,4.179999828338623
2014-04-02,4.21999979019165,4.110000133514404,4.179999828338623,4.199999809265137,310000,4.199999809265137
2014-04-03,4.269999980926514,4.119999885559082,4.170000076293945,4.170000076293945,225200,4.170000076293945
2014-04-04,4.190000057220459,3.9600000381469727,4.190000057220459,4.019999980926514,384500,4.019999980926514
2014-04-07,4.059999942779541,3.950000047683716,3.990000009536743,4.019999980926514,331200,4.019999980926514
2014-04-08,4.190000057220459,4.010000228881836,4.010000228881836,4.099999904632568,289000,4.099999904632568
2014-04-09,4.139999866485596,4.059999942779541,4.090000152587891,4.130000114440918,183100,4.130000114440918
2014-04-10,4.199999809265137,4.0,4.139999866485596,4.019999980926514,294200,4.019999980926514
2014-04-11,4.070000171661377,3.950000047683716,3.990000009536743,4.0,340400,4.0
2014-04-14,4.050000190734863,3.950000047683716,4.050000190734863,4.010000228881836,423500,4.010000228881836
2014-04-15,4.03000020980835,3.9000000953674316,4.010000228881836,4.0,439600,4.0
2014-04-16,4.019999980926514,3.9100000858306885,4.019999980926514,3.9100000858306885,332200,3.9100000858306885
2014-04-17,3.9700000286102295,3.8499999046325684,3.9100000858306885,3.890000104904175,277700,3.890000104904175
2014-04-21,3.9100000858306885,3.859999895095825,3.890000104904175,3.880000114440918,203900,3.880000114440918
2014-04-22,3.9200000762939453,3.819999933242798,3.880000114440918,3.880000114440918,427200,3.880000114440918
2014-04-23,3.880000114440918,3.359999895095825,3.869999885559082,3.4700000286102295,1808300,3.4700000286102295
2014-04-24,3.5199999809265137,3.440000057220459,3.5,3.4600000381469727,1137300,3.4600000381469727
2014-04-25,3.5199999809265137,3.4200000762939453,3.4700000286102295,3.440000057220459,497400,3.440000057220459
2014-04-28,3.5,3.3299999237060547,3.440000057220459,3.380000114440918,420700,3.380000114440918
2014-04-29,3.4600000381469727,3.3399999141693115,3.4100000858306885,3.3499999046325684,336700,3.3499999046325684
2014-04-30,3.380000114440918,3.25,3.3299999237060547,3.2799999713897705,381700,3.2799999713897705
2014-05-01,3.3499999046325684,3.2100000381469727,3.259999990463257,3.319999933242798,484100,3.319999933242798
2014-05-02,3.4000000953674316,3.240000009536743,3.3499999046325684,3.259999990463257,572400,3.259999990463257
2014-05-05,3.319999933242798,3.2200000286102295,3.25,3.2699999809265137,405300,3.2699999809265137
2014-05-06,3.3299999237060547,3.2200000286102295,3.259999990463257,3.2300000190734863,339400,3.2300000190734863
2014-05-07,3.2699999809265137,3.1500000953674316,3.25,3.190000057220459,336800,3.190000057220459
2014-05-08,3.259999990463257,3.1500000953674316,3.200000047683716,3.1500000953674316,277900,3.1500000953674316
2014-05-09,3.2200000286102295,3.109999895095825,3.119999885559082,3.200000047683716,203100,3.200000047683716
2014-05-12,3.259999990463257,3.1700000762939453,3.190000057220459,3.190000057220459,377400,3.190000057220459
2014-05-13,3.200000047683716,3.130000114440918,3.1700000762939453,3.130000114440918,372400,3.130000114440918
2014-05-14,3.1500000953674316,3.0999999046325684,3.109999895095825,3.109999895095825,270100,3.109999895095825
2014-05-15,3.559999942779541,3.240000009536743,3.25,3.390000104904175,1440400,3.390000104904175
2014-05-16,3.549999952316284,3.25,3.369999885559082,3.299999952316284,763500,3.299999952316284
2014-05-19,3.369999885559082,3.2699999809265137,3.2699999809265137,3.299999952316284,295100,3.299999952316284
2014-05-20,3.3399999141693115,3.2200000286102295,3.299999952316284,3.2899999618530273,342500,3.2899999618530273
2014-05-21,3.3299999237060547,3.2100000381469727,3.2899999618530273,3.2699999809265137,190000,3.2699999809265137
2014-05-22,3.319999933242798,3.2200000286102295,3.2899999618530273,3.2699999809265137,674800,3.2699999809265137
2014-05-23,3.390000104904175,3.259999990463257,3.2699999809265137,3.309999942779541,431900,3.309999942779541
2014-05-27,3.4000000953674316,3.319999933242798,3.3399999141693115,3.380000114440918,209000,3.380000114440918
2014-05-28,3.440000057220459,3.359999895095825,3.359999895095825,3.390000104904175,265300,3.390000104904175
2014-05-29,3.430000066757202,3.309999942779541,3.390000104904175,3.319999933242798,295800,3.319999933242798
2014-05-30,3.380000114440918,3.2899999618530273,3.3399999141693115,3.299999952316284,310400,3.299999952316284
2014-06-02,3.319999933242798,3.259999990463257,3.319999933242798,3.2899999618530273,237100,3.2899999618530273
2014-06-03,3.299999952316284,3.2100000381469727,3.2799999713897705,3.2300000190734863,300700,3.2300000190734863
2014-06-04,3.2799999713897705,3.2300000190734863,3.2300000190734863,3.259999990463257,224100,3.259999990463257
2014-06-05,3.309999942779541,3.200000047683716,3.2799999713897705,3.2899999618530273,250900,3.2899999618530273
2014-06-06,3.4200000762939453,3.2799999713897705,3.309999942779541,3.4100000858306885,203900,3.4100000858306885
2014-06-09,3.630000114440918,3.380000114440918,3.4200000762939453,3.630000114440918,734600,3.630000114440918
2014-06-10,3.569999933242798,3.4800000190734863,3.569999933242798,3.509999990463257,334200,3.509999990463257
2014-06-11,3.5399999618530273,3.4600000381469727,3.5,3.5,166000,3.5
2014-06-12,3.5399999618530273,3.4600000381469727,3.5,3.5,219700,3.5
2014-06-13,3.5199999809265137,3.369999885559082,3.5199999809265137,3.390000104904175,245400,3.390000104904175
2014-06-16,3.4700000286102295,3.359999895095825,3.369999885559082,3.430000066757202,311300,3.430000066757202
2014-06-17,3.450000047683716,3.4000000953674316,3.430000066757202,3.430000066757202,220800,3.430000066757202
2014-06-18,3.5199999809265137,3.4200000762939453,3.440000057220459,3.509999990463257,209200,3.509999990463257
2014-06-19,3.559999942779541,3.490000009536743,3.5299999713897705,3.5399999618530273,223000,3.5399999618530273
2014-06-20,3.5199999809265137,3.450000047683716,3.5199999809265137,3.5,433500,3.5
2014-06-23,3.490000009536743,3.4100000858306885,3.490000009536743,3.4100000858306885,139600,3.4100000858306885
2014-06-24,3.5199999809265137,3.3499999046325684,3.4000000953674316,3.3499999046325684,212800,3.3499999046325684
2014-06-25,3.450000047683716,3.299999952316284,3.3299999237060547,3.450000047683716,174600,3.450000047683716
2014-06-26,3.440000057220459,3.369999885559082,3.440000057220459,3.4000000953674316,80700,3.4000000953674316
2014-06-27,3.5199999809265137,3.3499999046325684,3.369999885559082,3.450000047683716,737300,3.450000047683716
2014-06-30,3.440000057220459,3.369999885559082,3.430000066757202,3.4200000762939453,155800,3.4200000762939453
2014-07-01,3.4800000190734863,3.369999885559082,3.4100000858306885,3.390000104904175,221100,3.390000104904175
2014-07-02,3.4600000381469727,3.369999885559082,3.369999885559082,3.4100000858306885,168400,3.4100000858306885
2014-07-03,3.450000047683716,3.4100000858306885,3.4100000858306885,3.450000047683716,63800,3.450000047683716
2014-07-07,3.450000047683716,3.3299999237060547,3.430000066757202,3.3299999237060547,145000,3.3299999237060547
2014-07-08,3.3299999237060547,3.200000047683716,3.309999942779541,3.2200000286102295,279000,3.2200000286102295
2014-07-09,3.240000009536743,3.140000104904175,3.2200000286102295,3.2300000190734863,233200,3.2300000190734863
2014-07-10,3.2799999713897705,3.1500000953674316,3.1500000953674316,3.25,211400,3.25
2014-07-11,3.3499999046325684,3.190000057220459,3.2300000190734863,3.2200000286102295,269800,3.2200000286102295
2014-07-14,3.2799999713897705,3.190000057220459,3.240000009536743,3.200000047683716,131300,3.200000047683716
2014-07-15,3.25,3.0899999141693115,3.190000057220459,3.180000066757202,361100,3.180000066757202
2014-07-16,3.200000047683716,3.0799999237060547,3.180000066757202,3.0999999046325684,626500,3.0999999046325684
2014-07-17,3.1500000953674316,3.009999990463257,3.0999999046325684,3.0299999713897705,230200,3.0299999713897705
2014-07-18,3.049999952316284,2.9600000381469727,3.009999990463257,3.0199999809265137,596700,3.0199999809265137
2014-07-21,3.0899999141693115,2.9800000190734863,3.0199999809265137,2.9800000190734863,285900,2.9800000190734863
2014-07-22,3.049999952316284,2.9000000953674316,2.9800000190734863,2.940000057220459,593600,2.940000057220459
2014-07-23,3.4000000953674316,3.0,3.0,3.369999885559082,1337700,3.369999885559082
2014-07-24,3.490000009536743,3.2799999713897705,3.380000114440918,3.4600000381469727,545300,3.4600000381469727
2014-07-25,3.5299999713897705,3.380000114440918,3.430000066757202,3.440000057220459,462500,3.440000057220459
2014-07-28,3.4600000381469727,3.2899999618530273,3.4600000381469727,3.369999885559082,221200,3.369999885559082
2014-07-29,3.4100000858306885,3.309999942779541,3.3499999046325684,3.380000114440918,172000,3.380000114440918
2014-07-30,3.430000066757202,3.359999895095825,3.390000104904175,3.390000104904175,145900,3.390000104904175
2014-07-31,3.5999999046325684,3.359999895095825,3.390000104904175,3.4700000286102295,1081400,3.4700000286102295
2014-08-01,3.619999885559082,3.4200000762939453,3.619999885559082,3.440000057220459,495200,3.440000057220459
2014-08-04,3.5399999618530273,3.390000104904175,3.440000057220459,3.5299999713897705,514400,3.5299999713897705
2014-08-05,3.6600000858306885,3.5,3.5,3.619999885559082,514100,3.619999885559082
2014-08-06,3.700000047683716,3.5899999141693115,3.5899999141693115,3.6600000858306885,382000,3.6600000858306885
2014-08-07,3.7200000286102295,3.640000104904175,3.690000057220459,3.690000057220459,313200,3.690000057220459
2014-08-08,3.7200000286102295,3.5899999141693115,3.6700000762939453,3.700000047683716,268000,3.700000047683716
2014-08-11,3.7799999713897705,3.6500000953674316,3.680000066757202,3.740000009536743,255200,3.740000009536743
2014-08-12,3.740000009536743,3.700000047683716,3.7100000381469727,3.7100000381469727,180200,3.7100000381469727
2014-08-13,3.809999942779541,3.7100000381469727,3.7100000381469727,3.799999952316284,258200,3.799999952316284
2014-08-14,3.799999952316284,3.7300000190734863,3.7799999713897705,3.75,250000,3.75
2014-08-15,3.799999952316284,3.640000104904175,3.799999952316284,3.690000057220459,369600,3.690000057220459
2014-08-18,3.8299999237060547,3.6500000953674316,3.7200000286102295,3.8299999237060547,342500,3.8299999237060547
2014-08-19,3.809999942779541,3.7699999809265137,3.809999942779541,3.7799999713897705,278900,3.7799999713897705
2014-08-20,3.8499999046325684,3.740000009536743,3.75,3.809999942779541,229100,3.809999942779541
2014-08-21,3.8399999141693115,3.75,3.799999952316284,3.809999942779541,232800,3.809999942779541
2014-08-22,3.880000114440918,3.799999952316284,3.819999933242798,3.8499999046325684,309000,3.8499999046325684
2014-08-25,3.869999885559082,3.7799999713897705,3.859999895095825,3.809999942779541,232200,3.809999942779541
2014-08-26,3.859999895095825,3.7899999618530273,3.799999952316284,3.8499999046325684,274400,3.8499999046325684
2014-08-27,3.859999895095825,3.75,3.8299999237060547,3.759999990463257,257400,3.759999990463257
2014-08-28,3.8299999237060547,3.6600000858306885,3.759999990463257,3.75,251500,3.75
2014-08-29,3.859999895095825,3.7300000190734863,3.75,3.8499999046325684,218200,3.8499999046325684
2014-09-02,3.869999885559082,3.7799999713897705,3.8499999046325684,3.8399999141693115,239100,3.8399999141693115
2014-09-03,3.890000104904175,3.75,3.859999895095825,3.8499999046325684,464000,3.8499999046325684
2014-09-04,3.859999895095825,3.759999990463257,3.8399999141693115,3.7799999713897705,390000,3.7799999713897705
2014-09-05,3.8499999046325684,3.759999990463257,3.759999990463257,3.8399999141693115,200800,3.8399999141693115
2014-09-08,3.859999895095825,3.819999933242798,3.8499999046325684,3.8499999046325684,199500,3.8499999046325684
2014-09-09,3.9000000953674316,3.8399999141693115,3.859999895095825,3.8499999046325684,254000,3.8499999046325684
2014-09-10,3.9000000953674316,3.8299999237060547,3.8499999046325684,3.8499999046325684,397900,3.8499999046325684
2014-09-11,4.0,3.8499999046325684,3.8499999046325684,3.9800000190734863,965500,3.9800000190734863
2014-09-12,4.079999923706055,3.9600000381469727,4.050000190734863,3.9700000286102295,835800,3.9700000286102295
2014-09-15,4.019999980926514,3.8499999046325684,4.019999980926514,3.8499999046325684,431400,3.8499999046325684
2014-09-16,3.890000104904175,3.759999990463257,3.869999885559082,3.8499999046325684,334600,3.8499999046325684
2014-09-17,3.890000104904175,3.799999952316284,3.8399999141693115,3.799999952316284,148800,3.799999952316284
2014-09-18,3.890000104904175,3.7699999809265137,3.799999952316284,3.7699999809265137,208400,3.7699999809265137
2014-09-19,3.819999933242798,3.619999885559082,3.799999952316284,3.640000104904175,790100,3.640000104904175
2014-09-22,3.680000066757202,3.569999933242798,3.6700000762939453,3.5899999141693115,290400,3.5899999141693115
2014-09-23,3.5999999046325684,3.4700000286102295,3.5899999141693115,3.509999990463257,466900,3.509999990463257
2014-09-24,3.6700000762939453,3.5,3.5,3.6500000953674316,339300,3.6500000953674316
2014-09-25,3.6700000762939453,3.4800000190734863,3.6500000953674316,3.490000009536743,386100,3.490000009536743
2014-09-26,3.5999999046325684,3.4700000286102295,3.4700000286102295,3.569999933242798,225700,3.569999933242798
2014-09-29,3.5999999046325684,3.4800000190734863,3.549999952316284,3.4800000190734863,184700,3.4800000190734863
2014-09-30,3.5399999618530273,3.4200000762939453,3.490000009536743,3.4200000762939453,287300,3.4200000762939453
2014-10-01,3.4200000762939453,3.319999933242798,3.4200000762939453,3.3499999046325684,698400,3.3499999046325684
2014-10-02,3.630000114440918,3.3499999046325684,3.359999895095825,3.609999895095825,320200,3.609999895095825
2014-10-03,3.6700000762939453,3.549999952316284,3.6600000858306885,3.619999885559082,231700,3.619999885559082
2014-10-06,3.6700000762939453,3.450000047683716,3.640000104904175,3.450000047683716,223000,3.450000047683716
2014-10-07,3.4600000381469727,3.3299999237060547,3.4200000762939453,3.4200000762939453,185500,3.4200000762939453
2014-10-08,3.5,3.359999895095825,3.430000066757202,3.5,227300,3.5
2014-10-09,3.509999990463257,3.3499999046325684,3.509999990463257,3.3499999046325684,246000,3.3499999046325684
2014-10-10,3.4200000762939453,3.299999952316284,3.309999942779541,3.359999895095825,313200,3.359999895095825
2014-10-13,3.5799999237060547,3.359999895095825,3.359999895095825,3.559999942779541,309100,3.559999942779541
2014-10-14,3.6700000762939453,3.5399999618530273,3.5999999046325684,3.6700000762939453,280300,3.6700000762939453
2014-10-15,3.700000047683716,3.4700000286102295,3.5999999046325684,3.680000066757202,294700,3.680000066757202
2014-10-16,3.799999952316284,3.619999885559082,3.6500000953674316,3.7699999809265137,338800,3.7699999809265137
2014-10-17,3.8299999237060547,3.5999999046325684,3.8299999237060547,3.640000104904175,280600,3.640000104904175
2014-10-20,3.740000009536743,3.5899999141693115,3.609999895095825,3.740000009536743,195300,3.740000009536743
2014-10-21,3.799999952316284,3.5999999046325684,3.7699999809265137,3.680000066757202,259100,3.680000066757202
2014-10-22,3.569999933242798,3.130000114440918,3.569999933242798,3.259999990463257,1154400,3.259999990463257
2014-10-23,3.3499999046325684,3.2300000190734863,3.309999942779541,3.2799999713897705,630700,3.2799999713897705
2014-10-24,3.299999952316284,3.190000057220459,3.299999952316284,3.240000009536743,349900,3.240000009536743
2014-10-27,3.2699999809265137,3.1700000762939453,3.2200000286102295,3.259999990463257,241300,3.259999990463257
2014-10-28,3.4100000858306885,3.25,3.2899999618530273,3.380000114440918,498600,3.380000114440918
2014-10-29,3.4200000762939453,3.2699999809265137,3.380000114440918,3.2799999713897705,346300,3.2799999713897705
2014-10-30,3.309999942779541,3.25,3.259999990463257,3.2899999618530273,287100,3.2899999618530273
2014-10-31,3.359999895095825,3.2899999618530273,3.359999895095825,3.299999952316284,301100,3.299999952316284
2014-11-03,3.3499999046325684,3.2200000286102295,3.2799999713897705,3.2799999713897705,479400,3.2799999713897705
2014-11-04,3.369999885559082,3.25,3.25,3.359999895095825,369400,3.359999895095825
2014-11-05,3.4200000762939453,3.3299999237060547,3.369999885559082,3.3499999046325684,239200,3.3499999046325684
2014-11-06,3.3499999046325684,3.2200000286102295,3.3499999046325684,3.3299999237060547,226100,3.3299999237060547
2014-11-07,3.3299999237060547,3.240000009536743,3.319999933242798,3.319999933242798,310000,3.319999933242798
2014-11-10,3.380000114440918,3.2899999618530273,3.299999952316284,3.369999885559082,174700,3.369999885559082
2014-11-11,3.4100000858306885,3.299999952316284,3.299999952316284,3.359999895095825,238700,3.359999895095825
2014-11-12,3.369999885559082,3.299999952316284,3.359999895095825,3.369999885559082,140000,3.369999885559082
2014-11-13,3.4200000762939453,3.240000009536743,3.390000104904175,3.2699999809265137,242500,3.2699999809265137
2014-11-14,3.4200000762939453,3.259999990463257,3.2899999618530273,3.390000104904175,191600,3.390000104904175
2014-11-17,3.4100000858306885,3.2899999618530273,3.369999885559082,3.2899999618530273,210900,3.2899999618530273
2014-11-18,3.3399999141693115,3.2799999713897705,3.2899999618530273,3.2799999713897705,116900,3.2799999713897705
2014-11-19,3.299999952316284,3.2100000381469727,3.299999952316284,3.25,192200,3.25
2014-11-20,3.3299999237060547,3.2100000381469727,3.2300000190734863,3.309999942779541,153700,3.309999942779541
2014-11-21,3.359999895095825,3.25,3.359999895095825,3.2799999713897705,131300,3.2799999713897705
2014-11-24,3.299999952316284,3.25,3.2699999809265137,3.2699999809265137,88300,3.2699999809265137
2014-11-25,3.2899999618530273,3.180000066757202,3.259999990463257,3.2300000190734863,175400,3.2300000190734863
2014-11-26,3.2799999713897705,3.180000066757202,3.240000009536743,3.2799999713897705,168000,3.2799999713897705
2014-11-28,3.2899999618530273,3.1600000858306885,3.25,3.1600000858306885,175100,3.1600000858306885
2014-12-01,3.180000066757202,3.0399999618530273,3.1600000858306885,3.0899999141693115,202800,3.0899999141693115
2014-12-02,3.140000104904175,3.0799999237060547,3.109999895095825,3.130000114440918,320700,3.130000114440918
2014-12-03,3.1700000762939453,3.049999952316284,3.140000104904175,3.1500000953674316,247400,3.1500000953674316
2014-12-04,3.25,3.1500000953674316,3.1500000953674316,3.240000009536743,133100,3.240000009536743
2014-12-05,3.25,3.180000066757202,3.240000009536743,3.240000009536743,262600,3.240000009536743
2014-12-08,3.359999895095825,3.0299999713897705,3.240000009536743,3.200000047683716,182300,3.200000047683716
2014-12-09,3.3299999237060547,3.1600000858306885,3.180000066757202,3.319999933242798,308100,3.319999933242798
2014-12-10,3.390000104904175,3.1500000953674316,3.2899999618530273,3.3399999141693115,222200,3.3399999141693115
2014-12-11,3.4700000286102295,3.1500000953674316,3.1500000953674316,3.430000066757202,279300,3.430000066757202
2014-12-12,3.450000047683716,3.2699999809265137,3.2699999809265137,3.440000057220459,754300,3.440000057220459
2014-12-15,3.450000047683716,3.3499999046325684,3.440000057220459,3.380000114440918,321000,3.380000114440918
2014-12-16,3.450000047683716,3.3399999141693115,3.359999895095825,3.369999885559082,188700,3.369999885559082
2014-12-17,3.450000047683716,3.3299999237060547,3.359999895095825,3.440000057220459,326200,3.440000057220459
2014-12-18,3.5299999713897705,3.430000066757202,3.4700000286102295,3.490000009536743,163900,3.490000009536743
2014-12-19,3.609999895095825,3.4700000286102295,3.4700000286102295,3.609999895095825,389700,3.609999895095825
2014-12-22,3.7799999713897705,3.640000104904175,3.6500000953674316,3.759999990463257,250300,3.759999990463257
2014-12-23,3.759999990463257,3.6600000858306885,3.759999990463257,3.7100000381469727,201900,3.7100000381469727
2014-12-24,3.75,3.700000047683716,3.7300000190734863,3.7300000190734863,50300,3.7300000190734863
2014-12-26,3.7799999713897705,3.6700000762939453,3.7200000286102295,3.759999990463257,118200,3.759999990463257
2014-12-29,3.759999990463257,3.619999885559082,3.759999990463257,3.6700000762939453,246900,3.6700000762939453
2014-12-30,3.7300000190734863,3.5799999237060547,3.640000104904175,3.630000114440918,137300,3.630000114440918
2014-12-31,3.6700000762939453,3.5799999237060547,3.619999885559082,3.5999999046325684,139700,3.5999999046325684
2015-01-02,3.680000066757202,3.5,3.5999999046325684,3.549999952316284,123300,3.549999952316284
2015-01-05,3.549999952316284,3.4600000381469727,3.5199999809265137,3.4800000190734863,182300,3.4800000190734863
2015-01-06,3.5,3.309999942779541,3.5,3.390000104904175,202400,3.390000104904175
2015-01-07,3.450000047683716,3.359999895095825,3.4000000953674316,3.380000114440918,91800,3.380000114440918
2015-01-08,3.6700000762939453,3.4200000762939453,3.4600000381469727,3.640000104904175,249300,3.640000104904175
2015-01-09,3.640000104904175,3.4700000286102295,3.640000104904175,3.5299999713897705,177500,3.5299999713897705
2015-01-12,3.619999885559082,3.440000057220459,3.5399999618530273,3.5199999809265137,155600,3.5199999809265137
2015-01-13,3.75,3.609999895095825,3.700000047683716,3.6700000762939453,515100,3.6700000762939453
2015-01-14,3.740000009536743,3.5999999046325684,3.619999885559082,3.6700000762939453,127100,3.6700000762939453
2015-01-15,3.680000066757202,3.5399999618530273,3.680000066757202,3.5999999046325684,266900,3.5999999046325684
2015-01-16,3.7100000381469727,3.5999999046325684,3.5999999046325684,3.7100000381469727,208800,3.7100000381469727
2015-01-20,3.7300000190734863,3.619999885559082,3.7300000190734863,3.690000057220459,188400,3.690000057220459
2015-01-21,3.7200000286102295,3.630000114440918,3.700000047683716,3.680000066757202,180300,3.680000066757202
2015-01-22,3.75,3.630000114440918,3.7100000381469727,3.7100000381469727,200900,3.7100000381469727
2015-01-23,3.7699999809265137,3.630000114440918,3.690000057220459,3.700000047683716,171900,3.700000047683716
2015-01-26,3.75,3.6600000858306885,3.700000047683716,3.7200000286102295,143900,3.7200000286102295
2015-01-27,3.7100000381469727,3.609999895095825,3.609999895095825,3.6600000858306885,158900,3.6600000858306885
2015-01-28,3.690000057220459,3.549999952316284,3.6700000762939453,3.5799999237060547,234100,3.5799999237060547
2015-01-29,3.630000114440918,3.5299999713897705,3.5899999141693115,3.609999895095825,118900,3.609999895095825
2015-01-30,3.630000114440918,3.5199999809265137,3.609999895095825,3.5399999618530273,236300,3.5399999618530273
2015-02-02,3.549999952316284,3.4700000286102295,3.5299999713897705,3.5199999809265137,135000,3.5199999809265137
2015-02-03,3.619999885559082,3.5199999809265137,3.549999952316284,3.549999952316284,120500,3.549999952316284
2015-02-04,3.630000114440918,3.5199999809265137,3.559999942779541,3.5399999618530273,143100,3.5399999618530273
2015-02-05,3.5999999046325684,3.5299999713897705,3.549999952316284,3.5799999237060547,125100,3.5799999237060547
2015-02-06,3.630000114440918,3.549999952316284,3.5899999141693115,3.559999942779541,139100,3.559999942779541
2015-02-09,3.5999999046325684,3.5199999809265137,3.569999933242798,3.5299999713897705,73000,3.5299999713897705
2015-02-10,3.619999885559082,3.5,3.559999942779541,3.5999999046325684,185600,3.5999999046325684
2015-02-11,3.6500000953674316,3.569999933242798,3.5999999046325684,3.5999999046325684,96000,3.5999999046325684
2015-02-12,3.690000057220459,3.5799999237060547,3.5999999046325684,3.6500000953674316,122400,3.6500000953674316
2015-02-13,3.7799999713897705,3.6500000953674316,3.6600000858306885,3.740000009536743,215200,3.740000009536743
2015-02-17,3.990000009536743,3.7699999809265137,3.7699999809265137,3.7899999618530273,497600,3.7899999618530273
2015-02-18,3.7799999713897705,3.490000009536743,3.6600000858306885,3.7300000190734863,1763100,3.7300000190734863
2015-02-19,3.940000057220459,3.7200000286102295,3.7200000286102295,3.880000114440918,455700,3.880000114440918
2015-02-20,3.9000000953674316,3.799999952316284,3.890000104904175,3.809999942779541,508500,3.809999942779541
2015-02-23,3.8399999141693115,3.6500000953674316,3.7899999618530273,3.819999933242798,323200,3.819999933242798
2015-02-24,4.0,3.75,3.809999942779541,3.9700000286102295,472400,3.9700000286102295
2015-02-25,4.050000190734863,3.930000066757202,3.930000066757202,3.990000009536743,185100,3.990000009536743
2015-02-26,4.039999961853027,3.9700000286102295,3.9800000190734863,4.0,206200,4.0
2015-02-27,4.050000190734863,4.0,4.010000228881836,4.0,240800,4.0
2015-03-02,4.039999961853027,3.990000009536743,4.0,4.010000228881836,192400,4.010000228881836
2015-03-03,4.050000190734863,3.9700000286102295,3.990000009536743,4.0,159900,4.0
2015-03-04,3.990000009536743,3.9000000953674316,3.9600000381469727,3.9100000858306885,141300,3.9100000858306885
2015-03-05,4.349999904632568,3.859999895095825,3.9100000858306885,4.300000190734863,1758600,4.300000190734863
2015-03-06,4.409999847412109,4.170000076293945,4.400000095367432,4.190000057220459,770900,4.190000057220459
2015-03-09,4.210000038146973,4.039999961853027,4.210000038146973,4.059999942779541,253500,4.059999942779541
2015-03-10,4.090000152587891,3.9200000762939453,4.03000020980835,3.930000066757202,328500,3.930000066757202
2015-03-11,4.0,3.9200000762939453,3.950000047683716,3.940000057220459,271100,3.940000057220459
2015-03-12,4.039999961853027,3.9200000762939453,3.9600000381469727,3.950000047683716,361700,3.950000047683716
2015-03-13,3.9800000190734863,3.869999885559082,3.9600000381469727,3.9200000762939453,209600,3.9200000762939453
2015-03-16,3.950000047683716,3.9000000953674316,3.950000047683716,3.950000047683716,124900,3.950000047683716
2015-03-17,4.0,3.9200000762939453,3.940000057220459,3.9800000190734863,120800,3.9800000190734863
2015-03-18,4.150000095367432,3.9600000381469727,3.9800000190734863,4.119999885559082,269000,4.119999885559082
2015-03-19,4.199999809265137,4.090000152587891,4.119999885559082,4.099999904632568,336800,4.099999904632568
2015-03-20,4.199999809265137,4.019999980926514,4.130000114440918,4.059999942779541,362700,4.059999942779541
2015-03-23,4.099999904632568,4.010000228881836,4.070000171661377,4.019999980926514,130400,4.019999980926514
2015-03-24,4.130000114440918,4.010000228881836,4.03000020980835,4.099999904632568,140100,4.099999904632568
2015-03-25,4.110000133514404,3.950000047683716,4.110000133514404,3.9600000381469727,160300,3.9600000381469727
2015-03-26,4.039999961853027,3.880000114440918,3.950000047683716,3.890000104904175,147100,3.890000104904175
2015-03-27,3.950000047683716,3.8499999046325684,3.9000000953674316,3.9100000858306885,184400,3.9100000858306885
2015-03-30,4.039999961853027,3.940000057220459,3.940000057220459,4.019999980926514,187700,4.019999980926514
2015-03-31,4.010000228881836,3.9100000858306885,3.9700000286102295,3.930000066757202,104500,3.930000066757202
2015-04-01,3.990000009536743,3.880000114440918,3.9100000858306885,3.9800000190734863,219900,3.9800000190734863
2015-04-02,4.0,3.940000057220459,3.990000009536743,3.9600000381469727,116500,3.9600000381469727
2015-04-06,4.0,3.9000000953674316,3.930000066757202,3.9200000762939453,160100,3.9200000762939453
2015-04-07,3.9800000190734863,3.890000104904175,3.930000066757202,3.9000000953674316,131500,3.9000000953674316
2015-04-08,3.9800000190734863,3.880000114440918,3.9100000858306885,3.950000047683716,238900,3.950000047683716
2015-04-09,4.0,3.930000066757202,3.940000057220459,3.9600000381469727,182700,3.9600000381469727
2015-04-10,3.990000009536743,3.930000066757202,3.990000009536743,3.9800000190734863,234100,3.9800000190734863
2015-04-13,4.010000228881836,3.9600000381469727,3.990000009536743,3.990000009536743,272300,3.990000009536743
2015-04-14,3.9800000190734863,3.9100000858306885,3.9800000190734863,3.9800000190734863,170700,3.9800000190734863
2015-04-15,4.090000152587891,3.9700000286102295,3.9800000190734863,4.070000171661377,480000,4.070000171661377
2015-04-16,4.099999904632568,4.039999961853027,4.039999961853027,4.099999904632568,254400,4.099999904632568
2015-04-17,4.079999923706055,3.9800000190734863,4.059999942779541,4.019999980926514,305300,4.019999980926514
2015-04-20,4.070000171661377,3.9800000190734863,4.03000020980835,4.039999961853027,449500,4.039999961853027
2015-04-21,4.260000228881836,4.050000190734863,4.050000190734863,4.130000114440918,764600,4.130000114440918
2015-04-22,4.289999961853027,3.950000047683716,3.950000047683716,4.269999980926514,506200,4.269999980926514
2015-04-23,4.480000019073486,4.21999979019165,4.25,4.429999828338623,672500,4.429999828338623
2015-04-24,4.619999885559082,4.300000190734863,4.300000190734863,4.550000190734863,765300,4.550000190734863
2015-04-27,4.599999904632568,4.389999866485596,4.590000152587891,4.440000057220459,334300,4.440000057220459
2015-04-28,4.480000019073486,4.369999885559082,4.409999847412109,4.380000114440918,223300,4.380000114440918
2015-04-29,4.420000076293945,4.239999771118164,4.349999904632568,4.239999771118164,274300,4.239999771118164
2015-04-30,4.349999904632568,4.199999809265137,4.199999809265137,4.260000228881836,444500,4.260000228881836
2015-05-01,4.480000019073486,4.260000228881836,4.260000228881836,4.46999979019165,307000,4.46999979019165
2015-05-04,4.46999979019165,4.389999866485596,4.46999979019165,4.429999828338623,145900,4.429999828338623
2015-05-05,4.599999904632568,4.329999923706055,4.599999904632568,4.360000133514404,237800,4.360000133514404
2015-05-06,4.400000095367432,4.28000020980835,4.369999885559082,4.309999942779541,150400,4.309999942779541
2015-05-07,4.389999866485596,4.28000020980835,4.289999961853027,4.309999942779541,146400,4.309999942779541
2015-05-08,4.480000019073486,4.340000152587891,4.369999885559082,4.429999828338623,501500,4.429999828338623
2015-05-11,4.559999942779541,4.389999866485596,4.449999809265137,4.53000020980835,447500,4.53000020980835
2015-05-12,4.789999961853027,4.510000228881836,4.570000171661377,4.699999809265137,672500,4.699999809265137
2015-05-13,4.75,4.630000114440918,4.75,4.690000057220459,369300,4.690000057220459
2015-05-14,4.730000019073486,4.639999866485596,4.690000057220459,4.699999809265137,372500,4.699999809265137
2015-05-15,4.71999979019165,4.619999885559082,4.699999809265137,4.630000114440918,361900,4.630000114440918
2015-05-18,4.650000095367432,4.550000190734863,4.590000152587891,4.650000095367432,265900,4.650000095367432
2015-05-19,4.679999828338623,4.550000190734863,4.639999866485596,4.619999885559082,258800,4.619999885559082
2015-05-20,4.670000076293945,4.579999923706055,4.619999885559082,4.670000076293945,237400,4.670000076293945
2015-05-21,4.699999809265137,4.619999885559082,4.659999847412109,4.650000095367432,193100,4.650000095367432
2015-05-22,4.679999828338623,4.550000190734863,4.639999866485596,4.610000133514404,284200,4.610000133514404
2015-05-26,4.630000114440918,4.5,4.590000152587891,4.590000152587891,218300,4.590000152587891
2015-05-27,4.650000095367432,4.550000190734863,4.579999923706055,4.650000095367432,253400,4.650000095367432
2015-05-28,4.659999847412109,4.550000190734863,4.619999885559082,4.570000171661377,187100,4.570000171661377
2015-05-29,4.599999904632568,4.480000019073486,4.579999923706055,4.590000152587891,327400,4.590000152587891
2015-06-01,4.650000095367432,4.519999980926514,4.599999904632568,4.590000152587891,203400,4.590000152587891
2015-06-02,4.670000076293945,4.519999980926514,4.579999923706055,4.650000095367432,248200,4.650000095367432
2015-06-03,4.71999979019165,4.650000095367432,4.650000095367432,4.699999809265137,418700,4.699999809265137
2015-06-04,4.75,4.630000114440918,4.699999809265137,4.690000057220459,229800,4.690000057220459
2015-06-05,4.760000228881836,4.630000114440918,4.679999828338623,4.739999771118164,270900,4.739999771118164
2015-06-08,4.809999942779541,4.710000038146973,4.710000038146973,4.75,475900,4.75
2015-06-09,4.760000228881836,4.670000076293945,4.75,4.730000019073486,203100,4.730000019073486
2015-06-10,4.900000095367432,4.699999809265137,4.710000038146973,4.880000114440918,667100,4.880000114440918
2015-06-11,5.059999942779541,4.860000133514404,4.900000095367432,5.039999961853027,1082500,5.039999961853027
2015-06-12,5.03000020980835,4.960000038146973,5.03000020980835,5.019999980926514,304200,5.019999980926514
2015-06-15,5.230000019073486,4.920000076293945,5.010000228881836,5.179999828338623,624800,5.179999828338623
2015-06-16,5.46999979019165,5.210000038146973,5.239999771118164,5.420000076293945,1521000,5.420000076293945
2015-06-17,5.380000114440918,5.159999847412109,5.289999961853027,5.260000228881836,1015900,5.260000228881836
2015-06-18,5.46999979019165,5.269999980926514,5.269999980926514,5.289999961853027,843100,5.289999961853027
2015-06-19,5.46999979019165,5.21999979019165,5.309999942779541,5.440000057220459,1702800,5.440000057220459
2015-06-22,5.46999979019165,5.380000114440918,5.440000057220459,5.400000095367432,663900,5.400000095367432
2015-06-23,5.449999809265137,5.360000133514404,5.360000133514404,5.369999885559082,642300,5.369999885559082
2015-06-24,5.380000114440918,5.130000114440918,5.289999961853027,5.25,643700,5.25
2015-06-25,5.320000171661377,5.210000038146973,5.289999961853027,5.320000171661377,391500,5.320000171661377
2015-06-26,5.349999904632568,5.139999866485596,5.349999904632568,5.170000076293945,931300,5.170000076293945
2015-06-29,5.170000076293945,5.019999980926514,5.099999904632568,5.070000171661377,509600,5.070000171661377
2015-06-30,5.230000019073486,5.019999980926514,5.139999866485596,5.170000076293945,475800,5.170000076293945
2015-07-01,5.25,5.090000152587891,5.179999828338623,5.159999847412109,432300,5.159999847412109
2015-07-02,5.210000038146973,5.070000171661377,5.199999809265137,5.119999885559082,172000,5.119999885559082
2015-07-06,5.150000095367432,5.010000228881836,5.050000190734863,5.099999904632568,226500,5.099999904632568
2015-07-07,5.130000114440918,4.949999809265137,5.130000114440918,5.099999904632568,285800,5.099999904632568
2015-07-08,5.070000171661377,4.960000038146973,5.03000020980835,5.019999980926514,332100,5.019999980926514
2015-07-09,5.170000076293945,5.0,5.059999942779541,5.110000133514404,381800,5.110000133514404
2015-07-10,5.309999942779541,5.139999866485596,5.150000095367432,5.289999961853027,247100,5.289999961853027
2015-07-13,5.389999866485596,5.309999942779541,5.349999904632568,5.340000152587891,296100,5.340000152587891
2015-07-14,5.360000133514404,5.309999942779541,5.340000152587891,5.340000152587891,491800,5.340000152587891
2015-07-15,5.349999904632568,5.269999980926514,5.329999923706055,5.300000190734863,533400,5.300000190734863
2015-07-16,5.389999866485596,5.28000020980835,5.320000171661377,5.340000152587891,583500,5.340000152587891
2015-07-17,5.400000095367432,5.320000171661377,5.349999904632568,5.329999923706055,221500,5.329999923706055
2015-07-20,5.369999885559082,5.170000076293945,5.360000133514404,5.199999809265137,226400,5.199999809265137
2015-07-21,5.300000190734863,5.119999885559082,5.21999979019165,5.28000020980835,400000,5.28000020980835
2015-07-22,5.21999979019165,4.989999771118164,5.139999866485596,5.139999866485596,884300,5.139999866485596
2015-07-23,5.230000019073486,5.019999980926514,5.159999847412109,5.110000133514404,814400,5.110000133514404
2015-07-24,5.190000057220459,4.989999771118164,5.079999923706055,4.989999771118164,461400,4.989999771118164
2015-07-27,5.019999980926514,4.900000095367432,5.010000228881836,4.900000095367432,424500,4.900000095367432
2015-07-28,5.059999942779541,4.849999904632568,4.929999828338623,4.96999979019165,450300,4.96999979019165
2015-07-29,5.0,4.809999942779541,4.949999809265137,4.820000171661377,317100,4.820000171661377
2015-07-30,4.980000019073486,4.78000020980835,4.800000190734863,4.909999847412109,306400,4.909999847412109
2015-07-31,4.980000019073486,4.849999904632568,4.900000095367432,4.880000114440918,376800,4.880000114440918
2015-08-03,4.929999828338623,4.800000190734863,4.860000133514404,4.920000076293945,361400,4.920000076293945
2015-08-04,4.989999771118164,4.849999904632568,4.929999828338623,4.929999828338623,430800,4.929999828338623
2015-08-05,5.0,4.78000020980835,4.909999847412109,4.78000020980835,447800,4.78000020980835
2015-08-06,4.909999847412109,4.75,4.75,4.800000190734863,407100,4.800000190734863
2015-08-07,4.900000095367432,4.760000228881836,4.760000228881836,4.860000133514404,313000,4.860000133514404
2015-08-10,4.96999979019165,4.860000133514404,4.869999885559082,4.900000095367432,313300,4.900000095367432
2015-08-11,4.949999809265137,4.840000152587891,4.840000152587891,4.860000133514404,274700,4.860000133514404
2015-08-12,4.920000076293945,4.730000019073486,4.820000171661377,4.889999866485596,573100,4.889999866485596
2015-08-13,4.96999979019165,4.820000171661377,4.869999885559082,4.860000133514404,450800,4.860000133514404
2015-08-14,4.96999979019165,4.800000190734863,4.849999904632568,4.929999828338623,321700,4.929999828338623
2015-08-17,5.0,4.889999866485596,4.900000095367432,4.949999809265137,159700,4.949999809265137
2015-08-18,4.980000019073486,4.789999961853027,4.789999961853027,4.840000152587891,217000,4.840000152587891
2015-08-19,4.889999866485596,4.769999980926514,4.840000152587891,4.789999961853027,355600,4.789999961853027
2015-08-20,4.800000190734863,4.599999904632568,4.769999980926514,4.599999904632568,371300,4.599999904632568
2015-08-21,4.590000152587891,4.409999847412109,4.5,4.460000038146973,503800,4.460000038146973
2015-08-24,4.340000152587891,3.9800000190734863,4.099999904632568,4.25,681200,4.25
2015-08-25,4.380000114440918,4.210000038146973,4.380000114440918,4.230000019073486,206800,4.230000019073486
2015-08-26,4.420000076293945,4.170000076293945,4.300000190734863,4.369999885559082,864500,4.369999885559082
2015-08-27,4.420000076293945,4.21999979019165,4.300000190734863,4.349999904632568,351900,4.349999904632568
2015-08-28,4.5,4.320000171661377,4.340000152587891,4.429999828338623,245600,4.429999828338623
2015-08-31,4.460000038146973,4.369999885559082,4.380000114440918,4.380000114440918,188600,4.380000114440918
2015-09-01,4.409999847412109,4.300000190734863,4.309999942779541,4.360000133514404,349600,4.360000133514404
2015-09-02,4.53000020980835,4.389999866485596,4.389999866485596,4.480000019073486,303700,4.480000019073486
2015-09-03,4.550000190734863,4.420000076293945,4.480000019073486,4.420000076293945,263600,4.420000076293945
2015-09-04,4.579999923706055,4.300000190734863,4.360000133514404,4.539999961853027,228400,4.539999961853027
2015-09-08,4.690000057220459,4.579999923706055,4.619999885559082,4.639999866485596,243000,4.639999866485596
2015-09-09,4.690000057220459,4.539999961853027,4.690000057220459,4.539999961853027,223400,4.539999961853027
2015-09-10,4.659999847412109,4.489999771118164,4.5,4.579999923706055,231300,4.579999923706055
2015-09-11,4.739999771118164,4.559999942779541,4.559999942779541,4.670000076293945,239000,4.670000076293945
2015-09-14,4.710000038146973,4.5,4.670000076293945,4.550000190734863,183900,4.550000190734863
2015-09-15,4.650000095367432,4.550000190734863,4.579999923706055,4.599999904632568,98400,4.599999904632568
2015-09-16,4.630000114440918,4.420000076293945,4.579999923706055,4.460000038146973,191400,4.460000038146973
2015-09-17,4.619999885559082,4.409999847412109,4.489999771118164,4.5,193100,4.5
2015-09-18,4.559999942779541,4.300000190734863,4.449999809265137,4.329999923706055,581600,4.329999923706055
2015-09-21,4.449999809265137,4.320000171661377,4.389999866485596,4.369999885559082,274400,4.369999885559082
2015-09-22,4.389999866485596,4.28000020980835,4.349999904632568,4.309999942779541,188300,4.309999942779541
2015-09-23,4.429999828338623,4.300000190734863,4.340000152587891,4.389999866485596,218800,4.389999866485596
2015-09-24,4.449999809265137,4.360000133514404,4.380000114440918,4.449999809265137,147500,4.449999809265137
2015-09-25,4.510000228881836,4.25,4.510000228881836,4.28000020980835,451500,4.28000020980835
2015-09-28,4.360000133514404,4.170000076293945,4.289999961853027,4.179999828338623,239200,4.179999828338623
2015-09-29,4.28000020980835,4.139999866485596,4.21999979019165,4.269999980926514,196400,4.269999980926514
2015-09-30,4.320000171661377,4.119999885559082,4.320000171661377,4.210000038146973,307400,4.210000038146973
2015-10-01,4.289999961853027,4.119999885559082,4.190000057220459,4.25,254100,4.25
2015-10-02,4.260000228881836,4.150000095367432,4.230000019073486,4.25,325900,4.25
2015-10-05,4.489999771118164,4.25,4.25,4.400000095367432,251300,4.400000095367432
2015-10-06,4.449999809265137,4.269999980926514,4.400000095367432,4.340000152587891,219400,4.340000152587891
2015-10-07,4.400000095367432,4.309999942779541,4.349999904632568,4.380000114440918,233200,4.380000114440918
2015-10-08,4.400000095367432,4.329999923706055,4.400000095367432,4.340000152587891,353900,4.340000152587891
2015-10-09,4.429999828338623,4.360000133514404,4.360000133514404,4.429999828338623,271700,4.429999828338623
2015-10-12,4.559999942779541,4.400000095367432,4.449999809265137,4.510000228881836,233500,4.510000228881836
2015-10-13,4.570000171661377,4.409999847412109,4.510000228881836,4.429999828338623,212700,4.429999828338623
2015-10-14,4.489999771118164,4.340000152587891,4.409999847412109,4.400000095367432,248000,4.400000095367432
2015-10-15,4.599999904632568,4.420000076293945,4.420000076293945,4.590000152587891,313100,4.590000152587891
2015-10-16,4.639999866485596,4.550000190734863,4.579999923706055,4.630000114440918,268700,4.630000114440918
2015-10-19,4.71999979019165,4.590000152587891,4.630000114440918,4.690000057220459,181400,4.690000057220459
2015-10-20,4.71999979019165,4.610000133514404,4.699999809265137,4.679999828338623,175100,4.679999828338623
2015-10-21,5.349999904632568,4.829999923706055,5.0,5.0,1976000,5.0
2015-10-22,5.050000190734863,4.940000057220459,4.980000019073486,5.010000228881836,693100,5.010000228881836
2015-10-23,5.03000020980835,4.940000057220459,5.010000228881836,5.019999980926514,554700,5.019999980926514
2015-10-26,5.119999885559082,5.010000228881836,5.019999980926514,5.110000133514404,1095600,5.110000133514404
2015-10-27,5.130000114440918,5.03000020980835,5.119999885559082,5.050000190734863,454500,5.050000190734863
2015-10-28,5.25,5.010000228881836,5.079999923706055,5.25,652000,5.25
2015-10-29,5.25,5.170000076293945,5.239999771118164,5.199999809265137,229700,5.199999809265137
2015-10-30,5.239999771118164,5.150000095367432,5.199999809265137,5.179999828338623,337700,5.179999828338623
2015-11-02,5.179999828338623,5.099999904632568,5.130000114440918,5.139999866485596,345400,5.139999866485596
2015-11-03,5.179999828338623,5.079999923706055,5.110000133514404,5.119999885559082,416600,5.119999885559082
2015-11-04,5.199999809265137,5.110000133514404,5.110000133514404,5.179999828338623,404900,5.179999828338623
2015-11-05,5.21999979019165,5.130000114440918,5.179999828338623,5.179999828338623,335900,5.179999828338623
2015-11-06,5.199999809265137,5.119999885559082,5.150000095367432,5.179999828338623,500700,5.179999828338623
2015-11-09,5.25,5.150000095367432,5.179999828338623,5.239999771118164,532200,5.239999771118164
2015-11-10,5.46999979019165,5.130000114440918,5.25,5.300000190734863,1442200,5.300000190734863
2015-11-11,5.340000152587891,5.179999828338623,5.28000020980835,5.190000057220459,428500,5.190000057220459
2015-11-12,5.210000038146973,4.949999809265137,5.159999847412109,5.199999809265137,545500,5.199999809265137
2015-11-13,5.199999809265137,5.059999942779541,5.150000095367432,5.130000114440918,357600,5.130000114440918
2015-11-16,5.21999979019165,5.090000152587891,5.090000152587891,5.210000038146973,317800,5.210000038146973
2015-11-17,5.28000020980835,5.150000095367432,5.230000019073486,5.190000057220459,544100,5.190000057220459
2015-11-18,5.46999979019165,5.130000114440918,5.190000057220459,5.440000057220459,1197200,5.440000057220459
2015-11-19,5.679999828338623,5.420000076293945,5.46999979019165,5.679999828338623,1430900,5.679999828338623
2015-11-20,5.75,5.480000019073486,5.699999809265137,5.489999771118164,600200,5.489999771118164
2015-11-23,5.639999866485596,5.489999771118164,5.519999980926514,5.579999923706055,797400,5.579999923706055
2015-11-24,5.739999771118164,5.519999980926514,5.519999980926514,5.710000038146973,626400,5.710000038146973
2015-11-25,5.78000020980835,5.630000114440918,5.71999979019165,5.679999828338623,349900,5.679999828338623
2015-11-27,5.78000020980835,5.550000190734863,5.579999923706055,5.730000019073486,203000,5.730000019073486
2015-11-30,5.769999980926514,5.599999904632568,5.769999980926514,5.610000133514404,566300,5.610000133514404
2015-12-01,5.71999979019165,5.570000171661377,5.639999866485596,5.679999828338623,297400,5.679999828338623
2015-12-02,5.75,5.630000114440918,5.650000095367432,5.659999847412109,285400,5.659999847412109
2015-12-03,5.739999771118164,5.559999942779541,5.679999828338623,5.559999942779541,377100,5.559999942779541
2015-12-04,5.710000038146973,5.559999942779541,5.559999942779541,5.599999904632568,458300,5.599999904632568
2015-12-07,5.599999904632568,5.409999847412109,5.579999923706055,5.489999771118164,432400,5.489999771118164
2015-12-08,5.590000152587891,5.329999923706055,5.429999828338623,5.539999961853027,325400,5.539999961853027
2015-12-09,5.570000171661377,5.420000076293945,5.53000020980835,5.449999809265137,218000,5.449999809265137
2015-12-10,5.489999771118164,5.349999904632568,5.449999809265137,5.369999885559082,255600,5.369999885559082
2015-12-11,5.570000171661377,5.260000228881836,5.269999980926514,5.360000133514404,685900,5.360000133514404
2015-12-14,5.429999828338623,5.269999980926514,5.429999828338623,5.320000171661377,279100,5.320000171661377
2015-12-15,5.360000133514404,5.210000038146973,5.320000171661377,5.329999923706055,338600,5.329999923706055
2015-12-16,5.380000114440918,5.25,5.349999904632568,5.349999904632568,337700,5.349999904632568
2015-12-17,5.389999866485596,5.179999828338623,5.360000133514404,5.210000038146973,349300,5.210000038146973
2015-12-18,5.260000228881836,5.139999866485596,5.179999828338623,5.25,935100,5.25
2015-12-21,5.309999942779541,5.050000190734863,5.260000228881836,5.059999942779541,343200,5.059999942779541
2015-12-22,5.179999828338623,5.0,5.059999942779541,5.170000076293945,278300,5.170000076293945
2015-12-23,5.25,5.130000114440918,5.179999828338623,5.230000019073486,234400,5.230000019073486
2015-12-24,5.28000020980835,5.170000076293945,5.210000038146973,5.239999771118164,102200,5.239999771118164
2015-12-28,5.28000020980835,5.150000095367432,5.25,5.230000019073486,364200,5.230000019073486
2015-12-29,5.369999885559082,5.159999847412109,5.25,5.25,387600,5.25
2015-12-30,5.289999961853027,5.159999847412109,5.28000020980835,5.179999828338623,192300,5.179999828338623
2015-12-31,5.21999979019165,5.079999923706055,5.190000057220459,5.079999923706055,247400,5.079999923706055
2016-01-04,5.010000228881836,4.809999942779541,5.0,4.820000171661377,437900,4.820000171661377
2016-01-05,4.900000095367432,4.739999771118164,4.829999923706055,4.869999885559082,307700,4.869999885559082
2016-01-06,4.869999885559082,4.71999979019165,4.809999942779541,4.78000020980835,284900,4.78000020980835
2016-01-07,5.090000152587891,4.690000057220459,4.889999866485596,4.78000020980835,594100,4.78000020980835
2016-01-08,4.829999923706055,4.559999942779541,4.769999980926514,4.590000152587891,656200,4.590000152587891
2016-01-11,4.800000190734863,4.599999904632568,4.619999885559082,4.710000038146973,473800,4.710000038146973
2016-01-12,4.800000190734863,4.630000114440918,4.760000228881836,4.71999979019165,541300,4.71999979019165
2016-01-13,4.800000190734863,4.619999885559082,4.710000038146973,4.670000076293945,462600,4.670000076293945
2016-01-14,4.789999961853027,4.610000133514404,4.699999809265137,4.760000228881836,336700,4.760000228881836
2016-01-15,4.710000038146973,4.300000190734863,4.619999885559082,4.539999961853027,508700,4.539999961853027
2016-01-19,4.679999828338623,4.380000114440918,4.599999904632568,4.449999809265137,378400,4.449999809265137
2016-01-20,4.489999771118164,4.210000038146973,4.400000095367432,4.429999828338623,508900,4.429999828338623
2016-01-21,4.489999771118164,4.349999904632568,4.449999809265137,4.420000076293945,286300,4.420000076293945
2016-01-22,4.519999980926514,4.400000095367432,4.46999979019165,4.429999828338623,308600,4.429999828338623
2016-01-25,4.489999771118164,4.340000152587891,4.429999828338623,4.360000133514404,362600,4.360000133514404
2016-01-26,4.460000038146973,4.340000152587891,4.409999847412109,4.429999828338623,302600,4.429999828338623
2016-01-27,4.460000038146973,4.329999923706055,4.420000076293945,4.369999885559082,340900,4.369999885559082
2016-01-28,4.519999980926514,4.400000095367432,4.400000095367432,4.449999809265137,313300,4.449999809265137
2016-01-29,4.579999923706055,4.429999828338623,4.480000019073486,4.489999771118164,394300,4.489999771118164
2016-02-01,4.570000171661377,4.449999809265137,4.460000038146973,4.53000020980835,197400,4.53000020980835
2016-02-02,4.5,4.429999828338623,4.46999979019165,4.46999979019165,252100,4.46999979019165
2016-02-03,4.559999942779541,4.340000152587891,4.489999771118164,4.449999809265137,158900,4.449999809265137
2016-02-04,4.489999771118164,4.340000152587891,4.429999828338623,4.389999866485596,135000,4.389999866485596
2016-02-05,4.389999866485596,4.150000095367432,4.380000114440918,4.199999809265137,462700,4.199999809265137
2016-02-08,4.21999979019165,4.090000152587891,4.179999828338623,4.190000057220459,245600,4.190000057220459
2016-02-09,4.25,4.059999942779541,4.150000095367432,4.099999904632568,209000,4.099999904632568
2016-02-10,4.21999979019165,4.079999923706055,4.130000114440918,4.079999923706055,162900,4.079999923706055
2016-02-11,4.139999866485596,4.019999980926514,4.03000020980835,4.059999942779541,254700,4.059999942779541
2016-02-12,4.28000020980835,4.050000190734863,4.070000171661377,4.269999980926514,345700,4.269999980926514
2016-02-16,4.389999866485596,4.210000038146973,4.320000171661377,4.28000020980835,359400,4.28000020980835
2016-02-17,4.0,3.2300000190734863,3.9200000762939453,3.440000057220459,3024100,3.440000057220459
2016-02-18,3.6500000953674316,3.4600000381469727,3.4800000190734863,3.609999895095825,710600,3.609999895095825
2016-02-19,3.7100000381469727,3.5199999809265137,3.6500000953674316,3.5299999713897705,528400,3.5299999713897705
2016-02-22,3.700000047683716,3.5399999618530273,3.549999952316284,3.640000104904175,532300,3.640000104904175
2016-02-23,3.9000000953674316,3.700000047683716,3.7200000286102295,3.7899999618530273,427900,3.7899999618530273
2016-02-24,3.9100000858306885,3.700000047683716,3.740000009536743,3.9000000953674316,414300,3.9000000953674316
2016-02-25,3.9700000286102295,3.8299999237060547,3.9000000953674316,3.950000047683716,321100,3.950000047683716
2016-02-26,4.03000020980835,3.930000066757202,3.9800000190734863,4.010000228881836,398200,4.010000228881836
2016-02-29,4.019999980926514,3.9600000381469727,4.0,3.990000009536743,380700,3.990000009536743
2016-03-01,4.079999923706055,4.0,4.0,4.079999923706055,247500,4.079999923706055
2016-03-02,4.190000057220459,4.050000190734863,4.059999942779541,4.130000114440918,374900,4.130000114440918
2016-03-03,4.150000095367432,4.099999904632568,4.110000133514404,4.139999866485596,242000,4.139999866485596
2016-03-04,4.46999979019165,4.070000171661377,4.130000114440918,4.090000152587891,286100,4.090000152587891
2016-03-07,4.360000133514404,4.019999980926514,4.059999942779541,4.239999771118164,648600,4.239999771118164
2016-03-08,4.25,4.039999961853027,4.25,4.090000152587891,471900,4.090000152587891
2016-03-09,4.230000019073486,4.099999904632568,4.099999904632568,4.190000057220459,309600,4.190000057220459
2016-03-10,4.269999980926514,4.070000171661377,4.239999771118164,4.090000152587891,269100,4.090000152587891
2016-03-11,4.159999847412109,4.050000190734863,4.119999885559082,4.139999866485596,181800,4.139999866485596
2016-03-14,4.130000114440918,3.9700000286102295,4.130000114440918,4.050000190734863,400900,4.050000190734863
2016-03-15,4.039999961853027,3.8299999237060547,4.010000228881836,3.869999885559082,291600,3.869999885559082
2016-03-16,4.0,3.8499999046325684,3.880000114440918,3.880000114440918,291400,3.880000114440918
2016-03-17,3.9200000762939453,3.859999895095825,3.9000000953674316,3.9100000858306885,363100,3.9100000858306885
2016-03-18,3.940000057220459,3.7200000286102295,3.940000057220459,3.7200000286102295,562300,3.7200000286102295
2016-03-21,3.799999952316284,3.680000066757202,3.7200000286102295,3.7300000190734863,349000,3.7300000190734863
2016-03-22,3.809999942779541,3.619999885559082,3.7100000381469727,3.640000104904175,228300,3.640000104904175
2016-03-23,3.6500000953674316,3.5799999237060547,3.630000114440918,3.5799999237060547,420000,3.5799999237060547
2016-03-24,3.7100000381469727,3.549999952316284,3.5799999237060547,3.700000047683716,499600,3.700000047683716
2016-03-28,3.8299999237060547,3.680000066757202,3.700000047683716,3.7799999713897705,376600,3.7799999713897705
2016-03-29,3.8399999141693115,3.75,3.7799999713897705,3.819999933242798,402800,3.819999933242798
2016-03-30,4.0,3.819999933242798,3.8299999237060547,3.950000047683716,227300,3.950000047683716
2016-03-31,3.950000047683716,3.869999885559082,3.940000057220459,3.930000066757202,292000,3.930000066757202
2016-04-01,3.9200000762939453,3.8399999141693115,3.880000114440918,3.9000000953674316,248300,3.9000000953674316
2016-04-04,3.9000000953674316,3.8399999141693115,3.890000104904175,3.859999895095825,186600,3.859999895095825
2016-04-05,3.869999885559082,3.7899999618530273,3.8299999237060547,3.819999933242798,243600,3.819999933242798
2016-04-06,3.9800000190734863,3.809999942779541,3.819999933242798,3.930000066757202,288700,3.930000066757202
2016-04-07,3.940000057220459,3.75,3.9100000858306885,3.7899999618530273,299900,3.7899999618530273
2016-04-08,3.859999895095825,3.799999952316284,3.8299999237060547,3.819999933242798,205100,3.819999933242798
2016-04-11,3.869999885559082,3.7699999809265137,3.8299999237060547,3.7799999713897705,179100,3.7799999713897705
2016-04-12,3.8299999237060547,3.690000057220459,3.75,3.7799999713897705,175900,3.7799999713897705
2016-04-13,3.9100000858306885,3.7699999809265137,3.7699999809265137,3.9000000953674316,229200,3.9000000953674316
2016-04-14,3.9000000953674316,3.809999942779541,3.9000000953674316,3.890000104904175,158800,3.890000104904175
2016-04-15,3.9600000381469727,3.859999895095825,3.859999895095825,3.9100000858306885,128600,3.9100000858306885
2016-04-18,4.039999961853027,3.880000114440918,3.890000104904175,4.0,147600,4.0
2016-04-19,4.010000228881836,3.890000104904175,4.010000228881836,3.9600000381469727,200300,3.9600000381469727
2016-04-20,4.010000228881836,3.9200000762939453,3.9800000190734863,3.9600000381469727,223400,3.9600000381469727
2016-04-21,4.039999961853027,3.9200000762939453,3.990000009536743,4.010000228881836,207600,4.010000228881836
2016-04-22,4.139999866485596,4.010000228881836,4.019999980926514,4.099999904632568,318800,4.099999904632568
2016-04-25,4.110000133514404,4.050000190734863,4.099999904632568,4.070000171661377,157800,4.070000171661377
2016-04-26,4.110000133514404,4.010000228881836,4.059999942779541,4.090000152587891,360500,4.090000152587891
2016-04-27,4.039999961853027,3.690000057220459,4.0,3.75,851400,3.75
2016-04-28,3.9000000953674316,3.75,3.759999990463257,3.7699999809265137,392300,3.7699999809265137
2016-04-29,3.809999942779541,3.7100000381469727,3.7899999618530273,3.7300000190734863,247700,3.7300000190734863
2016-05-02,3.799999952316284,3.7200000286102295,3.740000009536743,3.7699999809265137,378400,3.7699999809265137
2016-05-03,3.809999942779541,3.7200000286102295,3.75,3.7799999713897705,157200,3.7799999713897705
2016-05-04,3.859999895095825,3.7100000381469727,3.75,3.819999933242798,196600,3.819999933242798
2016-05-05,3.8399999141693115,3.75,3.799999952316284,3.75,116100,3.75
2016-05-06,3.759999990463257,3.6600000858306885,3.7100000381469727,3.75,161200,3.75
2016-05-09,3.880000114440918,3.75,3.75,3.8499999046325684,137400,3.8499999046325684
2016-05-10,3.890000104904175,3.819999933242798,3.8399999141693115,3.880000114440918,91700,3.880000114440918
2016-05-11,3.880000114440918,3.7799999713897705,3.859999895095825,3.7899999618530273,130900,3.7899999618530273
2016-05-12,3.799999952316284,3.7200000286102295,3.799999952316284,3.75,142200,3.75
2016-05-13,3.819999933242798,3.7300000190734863,3.75,3.7699999809265137,111600,3.7699999809265137
2016-05-16,3.809999942779541,3.740000009536743,3.7699999809265137,3.7799999713897705,107500,3.7799999713897705
2016-05-17,3.799999952316284,3.609999895095825,3.7699999809265137,3.640000104904175,222300,3.640000104904175
2016-05-18,3.809999942779541,3.630000114440918,3.630000114440918,3.799999952316284,147000,3.799999952316284
2016-05-19,3.799999952316284,3.6600000858306885,3.75,3.700000047683716,120700,3.700000047683716
2016-05-20,3.799999952316284,3.700000047683716,3.700000047683716,3.799999952316284,152100,3.799999952316284
2016-05-23,3.869999885559082,3.7799999713897705,3.7899999618530273,3.7799999713897705,114900,3.7799999713897705
2016-05-24,3.950000047683716,3.7899999618530273,3.7899999618530273,3.930000066757202,186700,3.930000066757202
2016-05-25,4.039999961853027,3.799999952316284,3.930000066757202,3.930000066757202,276100,3.930000066757202
2016-05-26,4.019999980926514,3.950000047683716,3.950000047683716,4.010000228881836,117500,4.010000228881836
2016-05-27,4.050000190734863,4.010000228881836,4.010000228881836,4.03000020980835,115800,4.03000020980835
2016-05-31,4.039999961853027,3.9800000190734863,4.010000228881836,4.019999980926514,494800,4.019999980926514
2016-06-01,4.070000171661377,3.9200000762939453,3.990000009536743,4.070000171661377,185100,4.070000171661377
2016-06-02,4.059999942779541,4.019999980926514,4.039999961853027,4.039999961853027,100400,4.039999961853027
2016-06-03,4.170000076293945,3.950000047683716,4.019999980926514,4.130000114440918,241900,4.130000114440918
2016-06-06,4.179999828338623,4.090000152587891,4.110000133514404,4.110000133514404,145100,4.110000133514404
2016-06-07,4.159999847412109,4.079999923706055,4.110000133514404,4.079999923706055,80800,4.079999923706055
2016-06-08,4.150000095367432,4.050000190734863,4.059999942779541,4.130000114440918,121300,4.130000114440918
2016-06-09,4.130000114440918,4.010000228881836,4.099999904632568,4.090000152587891,141300,4.090000152587891
2016-06-10,4.139999866485596,4.010000228881836,4.079999923706055,4.050000190734863,124900,4.050000190734863
2016-06-13,4.070000171661377,3.9800000190734863,4.039999961853027,3.990000009536743,135500,3.990000009536743
2016-06-14,4.070000171661377,3.9600000381469727,4.0,4.039999961853027,166700,4.039999961853027
2016-06-15,4.130000114440918,4.039999961853027,4.070000171661377,4.059999942779541,105600,4.059999942779541
2016-06-16,4.059999942779541,3.950000047683716,4.019999980926514,4.0,107600,4.0
2016-06-17,4.059999942779541,3.950000047683716,3.990000009536743,4.019999980926514,283700,4.019999980926514
2016-06-20,4.090000152587891,3.9100000858306885,4.039999961853027,4.079999923706055,198200,4.079999923706055
2016-06-21,4.070000171661377,3.9600000381469727,4.059999942779541,3.990000009536743,249000,3.990000009536743
2016-06-22,4.010000228881836,3.930000066757202,4.010000228881836,3.930000066757202,126300,3.930000066757202
2016-06-23,4.0,3.9600000381469727,3.9800000190734863,4.0,157200,4.0
2016-06-24,3.9200000762939453,3.6600000858306885,3.9000000953674316,3.7200000286102295,725300,3.7200000286102295
2016-06-27,3.7899999618530273,3.609999895095825,3.690000057220459,3.619999885559082,269100,3.619999885559082
2016-06-28,3.740000009536743,3.640000104904175,3.640000104904175,3.7200000286102295,272400,3.7200000286102295
2016-06-29,3.8299999237060547,3.7200000286102295,3.7899999618530273,3.8299999237060547,239800,3.8299999237060547
2016-06-30,3.890000104904175,3.740000009536743,3.8499999046325684,3.75,454100,3.75
2016-07-01,3.799999952316284,3.7200000286102295,3.740000009536743,3.7899999618530273,291000,3.7899999618530273
2016-07-05,3.8299999237060547,3.759999990463257,3.799999952316284,3.7699999809265137,114000,3.7699999809265137
2016-07-06,3.809999942779541,3.740000009536743,3.740000009536743,3.7799999713897705,146200,3.7799999713897705
2016-07-07,3.869999885559082,3.7799999713897705,3.7799999713897705,3.799999952316284,89100,3.799999952316284
2016-07-08,3.930000066757202,3.809999942779541,3.809999942779541,3.9000000953674316,223400,3.9000000953674316
2016-07-11,4.0,3.890000104904175,3.9000000953674316,4.0,213200,4.0
2016-07-12,4.099999904632568,3.990000009536743,4.0,4.059999942779541,291900,4.059999942779541
2016-07-13,4.170000076293945,4.059999942779541,4.090000152587891,4.079999923706055,115400,4.079999923706055
2016-07-14,4.150000095367432,4.090000152587891,4.119999885559082,4.119999885559082,154100,4.119999885559082
2016-07-15,4.150000095367432,3.9100000858306885,4.150000095367432,3.930000066757202,314500,3.930000066757202
2016-07-18,4.050000190734863,3.940000057220459,3.940000057220459,4.03000020980835,184900,4.03000020980835
2016-07-19,4.039999961853027,3.950000047683716,4.03000020980835,4.039999961853027,156900,4.039999961853027
2016-07-20,4.110000133514404,4.03000020980835,4.039999961853027,4.110000133514404,153000,4.110000133514404
2016-07-21,4.170000076293945,4.039999961853027,4.079999923706055,4.150000095367432,153900,4.150000095367432
2016-07-22,4.190000057220459,4.090000152587891,4.119999885559082,4.159999847412109,128700,4.159999847412109
2016-07-25,4.239999771118164,4.170000076293945,4.170000076293945,4.210000038146973,97400,4.210000038146973
2016-07-26,4.28000020980835,4.21999979019165,4.230000019073486,4.28000020980835,399500,4.28000020980835
2016-07-27,4.269999980926514,3.890000104904175,4.260000228881836,3.930000066757202,496700,3.930000066757202
2016-07-28,4.019999980926514,3.890000104904175,3.9100000858306885,3.940000057220459,196400,3.940000057220459
2016-07-29,4.059999942779541,3.9100000858306885,3.940000057220459,4.059999942779541,153500,4.059999942779541
2016-08-01,4.099999904632568,3.9000000953674316,4.039999961853027,3.9000000953674316,148200,3.9000000953674316
2016-08-02,3.930000066757202,3.8399999141693115,3.9000000953674316,3.8399999141693115,150700,3.8399999141693115
2016-08-03,3.8499999046325684,3.75,3.8499999046325684,3.7899999618530273,187400,3.7899999618530273
2016-08-04,3.8499999046325684,3.759999990463257,3.809999942779541,3.799999952316284,101500,3.799999952316284
2016-08-05,3.859999895095825,3.799999952316284,3.799999952316284,3.8499999046325684,81300,3.8499999046325684
2016-08-08,3.869999885559082,3.809999942779541,3.869999885559082,3.8299999237060547,64300,3.8299999237060547
2016-08-09,3.8399999141693115,3.7899999618530273,3.8399999141693115,3.8399999141693115,124400,3.8399999141693115
2016-08-10,3.8399999141693115,3.740000009536743,3.8399999141693115,3.7699999809265137,149300,3.7699999809265137
2016-08-11,3.8399999141693115,3.75,3.799999952316284,3.8299999237060547,83400,3.8299999237060547
2016-08-12,3.809999942779541,3.680000066757202,3.809999942779541,3.680000066757202,188000,3.680000066757202
2016-08-15,3.7300000190734863,3.6700000762939453,3.7300000190734863,3.690000057220459,257400,3.690000057220459
2016-08-16,3.7100000381469727,3.6500000953674316,3.700000047683716,3.6600000858306885,131800,3.6600000858306885
2016-08-17,3.690000057220459,3.6700000762939453,3.6700000762939453,3.6700000762939453,144500,3.6700000762939453
2016-08-18,3.7200000286102295,3.700000047683716,3.700000047683716,3.7100000381469727,181300,3.7100000381469727
2016-08-19,3.740000009536743,3.700000047683716,3.7100000381469727,3.7300000190734863,276800,3.7300000190734863
2016-08-22,3.759999990463257,3.7100000381469727,3.7300000190734863,3.7300000190734863,142700,3.7300000190734863
2016-08-23,3.799999952316284,3.7100000381469727,3.75,3.7799999713897705,124400,3.7799999713897705
2016-08-24,3.869999885559082,3.7699999809265137,3.7699999809265137,3.819999933242798,116300,3.819999933242798
2016-08-25,3.940000057220459,3.809999942779541,3.809999942779541,3.869999885559082,144100,3.869999885559082
2016-08-26,3.9100000858306885,3.819999933242798,3.869999885559082,3.859999895095825,91200,3.859999895095825
2016-08-29,3.890000104904175,3.7799999713897705,3.8499999046325684,3.819999933242798,95400,3.819999933242798
2016-08-30,3.869999885559082,3.799999952316284,3.809999942779541,3.8299999237060547,100800,3.8299999237060547
2016-08-31,3.8499999046325684,3.7899999618530273,3.8299999237060547,3.809999942779541,134600,3.809999942779541
2016-09-01,3.9000000953674316,3.7899999618530273,3.799999952316284,3.9000000953674316,120500,3.9000000953674316
2016-09-02,3.9000000953674316,3.8299999237060547,3.890000104904175,3.869999885559082,110900,3.869999885559082
2016-09-06,3.9600000381469727,3.880000114440918,3.880000114440918,3.9600000381469727,294500,3.9600000381469727
2016-09-07,4.059999942779541,3.869999885559082,3.940000057220459,4.039999961853027,291300,4.039999961853027
2016-09-08,4.150000095367432,4.0,4.03000020980835,4.139999866485596,233500,4.139999866485596
2016-09-09,4.150000095367432,4.010000228881836,4.090000152587891,4.050000190734863,226200,4.050000190734863
2016-09-12,4.130000114440918,4.0,4.019999980926514,4.110000133514404,203300,4.110000133514404
2016-09-13,4.159999847412109,4.079999923706055,4.110000133514404,4.110000133514404,174800,4.110000133514404
2016-09-14,4.130000114440918,4.079999923706055,4.130000114440918,4.110000133514404,350500,4.110000133514404
2016-09-15,4.130000114440918,4.090000152587891,4.110000133514404,4.130000114440918,183400,4.130000114440918
2016-09-16,4.25,4.110000133514404,4.159999847412109,4.25,604700,4.25
2016-09-19,4.269999980926514,4.110000133514404,4.239999771118164,4.159999847412109,189700,4.159999847412109
2016-09-20,4.190000057220459,4.130000114440918,4.159999847412109,4.130000114440918,73000,4.130000114440918
2016-09-21,4.150000095367432,4.090000152587891,4.139999866485596,4.119999885559082,133200,4.119999885559082
2016-09-22,4.170000076293945,4.079999923706055,4.110000133514404,4.150000095367432,237300,4.150000095367432
2016-09-23,4.150000095367432,4.070000171661377,4.139999866485596,4.090000152587891,157300,4.090000152587891
2016-09-26,4.139999866485596,4.03000020980835,4.050000190734863,4.050000190734863,130800,4.050000190734863
2016-09-27,4.059999942779541,4.03000020980835,4.050000190734863,4.050000190734863,64700,4.050000190734863
2016-09-28,4.090000152587891,4.050000190734863,4.050000190734863,4.079999923706055,64500,4.079999923706055
2016-09-29,4.079999923706055,4.019999980926514,4.059999942779541,4.019999980926514,65400,4.019999980926514
2016-09-30,4.119999885559082,4.019999980926514,4.059999942779541,4.099999904632568,163000,4.099999904632568
2016-10-03,4.079999923706055,4.050000190734863,4.059999942779541,4.050000190734863,81700,4.050000190734863
2016-10-04,4.079999923706055,4.039999961853027,4.059999942779541,4.059999942779541,48900,4.059999942779541
2016-10-05,4.090000152587891,4.010000228881836,4.079999923706055,4.019999980926514,113100,4.019999980926514
2016-10-06,4.03000020980835,3.9800000190734863,4.03000020980835,4.0,95100,4.0
2016-10-07,4.059999942779541,3.950000047683716,4.0,4.050000190734863,97700,4.050000190734863
2016-10-10,4.079999923706055,3.990000009536743,4.079999923706055,4.070000171661377,143300,4.070000171661377
2016-10-11,4.119999885559082,3.9700000286102295,4.070000171661377,4.019999980926514,90800,4.019999980926514
2016-10-12,4.070000171661377,3.990000009536743,4.03000020980835,4.03000020980835,57100,4.03000020980835
2016-10-13,4.039999961853027,3.9800000190734863,4.0,4.03000020980835,94500,4.03000020980835
2016-10-14,4.070000171661377,4.010000228881836,4.019999980926514,4.050000190734863,110100,4.050000190734863
2016-10-17,4.070000171661377,4.039999961853027,4.050000190734863,4.050000190734863,110900,4.050000190734863
2016-10-18,4.159999847412109,4.050000190734863,4.050000190734863,4.130000114440918,112800,4.130000114440918
2016-10-19,4.190000057220459,4.090000152587891,4.119999885559082,4.130000114440918,69100,4.130000114440918
2016-10-20,4.130000114440918,4.050000190734863,4.110000133514404,4.059999942779541,147600,4.059999942779541
2016-10-21,4.130000114440918,4.010000228881836,4.019999980926514,4.099999904632568,77500,4.099999904632568
2016-10-24,4.190000057220459,4.110000133514404,4.119999885559082,4.170000076293945,92500,4.170000076293945
2016-10-25,4.179999828338623,4.099999904632568,4.150000095367432,4.159999847412109,172600,4.159999847412109
2016-10-26,4.090000152587891,3.9100000858306885,3.9100000858306885,4.050000190734863,326600,4.050000190734863
2016-10-27,4.199999809265137,4.010000228881836,4.050000190734863,4.110000133514404,156800,4.110000133514404
2016-10-28,4.179999828338623,4.050000190734863,4.119999885559082,4.070000171661377,98600,4.070000171661377
2016-10-31,4.110000133514404,4.059999942779541,4.110000133514404,4.070000171661377,146400,4.070000171661377
2016-11-01,4.090000152587891,4.050000190734863,4.070000171661377,4.079999923706055,207000,4.079999923706055
2016-11-02,4.170000076293945,4.059999942779541,4.070000171661377,4.119999885559082,141100,4.119999885559082
2016-11-03,4.159999847412109,4.079999923706055,4.119999885559082,4.110000133514404,100600,4.110000133514404
2016-11-04,4.320000171661377,4.119999885559082,4.119999885559082,4.179999828338623,367300,4.179999828338623
2016-11-07,4.420000076293945,4.210000038146973,4.210000038146973,4.400000095367432,315200,4.400000095367432
2016-11-08,4.409999847412109,4.309999942779541,4.380000114440918,4.329999923706055,96200,4.329999923706055
2016-11-09,4.449999809265137,4.130000114440918,4.210000038146973,4.440000057220459,166500,4.440000057220459
2016-11-10,4.619999885559082,4.329999923706055,4.449999809265137,4.559999942779541,195600,4.559999942779541
2016-11-11,4.909999847412109,4.519999980926514,4.53000020980835,4.900000095367432,359700,4.900000095367432
2016-11-14,5.0,4.739999771118164,4.900000095367432,4.760000228881836,306900,4.760000228881836
2016-11-15,4.800000190734863,4.599999904632568,4.800000190734863,4.639999866485596,159500,4.639999866485596
2016-11-16,4.710000038146973,4.449999809265137,4.610000133514404,4.699999809265137,144500,4.699999809265137
2016-11-17,4.739999771118164,4.639999866485596,4.71999979019165,4.670000076293945,119800,4.670000076293945
2016-11-18,4.670000076293945,4.579999923706055,4.670000076293945,4.670000076293945,163800,4.670000076293945
2016-11-21,4.75,4.639999866485596,4.659999847412109,4.690000057220459,121000,4.690000057220459
2016-11-22,4.75,4.650000095367432,4.71999979019165,4.690000057220459,221600,4.690000057220459
2016-11-23,4.690000057220459,4.579999923706055,4.659999847412109,4.590000152587891,158200,4.590000152587891
2016-11-25,4.679999828338623,4.579999923706055,4.619999885559082,4.610000133514404,65100,4.610000133514404
2016-11-28,4.599999904632568,4.480000019073486,4.599999904632568,4.489999771118164,165500,4.489999771118164
2016-11-29,4.590000152587891,4.409999847412109,4.519999980926514,4.5,229700,4.5
2016-11-30,4.550000190734863,4.449999809265137,4.53000020980835,4.449999809265137,106100,4.449999809265137
2016-12-01,4.460000038146973,4.369999885559082,4.429999828338623,4.400000095367432,195800,4.400000095367432
2016-12-02,4.440000057220459,4.320000171661377,4.400000095367432,4.349999904632568,152700,4.349999904632568
2016-12-05,4.420000076293945,4.349999904632568,4.349999904632568,4.420000076293945,162600,4.420000076293945
2016-12-06,4.449999809265137,4.389999866485596,4.409999847412109,4.449999809265137,191100,4.449999809265137
2016-12-07,4.539999961853027,4.420000076293945,4.420000076293945,4.489999771118164,163500,4.489999771118164
2016-12-08,4.599999904632568,4.5,4.5,4.599999904632568,309500,4.599999904632568
2016-12-09,4.670000076293945,4.619999885559082,4.619999885559082,4.659999847412109,200300,4.659999847412109
2016-12-12,4.659999847412109,4.559999942779541,4.659999847412109,4.639999866485596,134100,4.639999866485596
2016-12-13,4.630000114440918,4.389999866485596,4.599999904632568,4.420000076293945,275000,4.420000076293945
2016-12-14,4.440000057220459,4.349999904632568,4.420000076293945,4.389999866485596,137200,4.389999866485596
2016-12-15,4.53000020980835,4.349999904632568,4.409999847412109,4.389999866485596,332000,4.389999866485596
2016-12-16,4.510000228881836,4.349999904632568,4.420000076293945,4.420000076293945,661100,4.420000076293945
2016-12-19,4.650000095367432,4.449999809265137,4.460000038146973,4.639999866485596,287400,4.639999866485596
2016-12-20,4.980000019073486,4.650000095367432,4.699999809265137,4.980000019073486,415100,4.980000019073486
2016-12-21,5.079999923706055,4.909999847412109,4.989999771118164,5.050000190734863,374700,5.050000190734863
2016-12-22,5.050000190734863,4.860000133514404,5.03000020980835,4.96999979019165,152300,4.96999979019165
2016-12-23,5.0,4.889999866485596,4.960000038146973,4.980000019073486,72000,4.980000019073486
2016-12-27,5.079999923706055,4.96999979019165,4.96999979019165,5.0,338700,5.0
2016-12-28,5.059999942779541,4.909999847412109,5.03000020980835,4.989999771118164,113500,4.989999771118164
2016-12-29,5.03000020980835,4.900000095367432,5.0,4.96999979019165,71900,4.96999979019165
2016-12-30,5.019999980926514,4.889999866485596,5.019999980926514,4.940000057220459,114300,4.940000057220459
2017-01-03,5.03000020980835,4.849999904632568,5.0,4.960000038146973,230500,4.960000038146973
2017-01-04,5.03000020980835,4.940000057220459,4.980000019073486,5.0,436300,5.0
2017-01-05,5.039999961853027,4.880000114440918,5.010000228881836,4.909999847412109,138800,4.909999847412109
2017-01-06,4.929999828338623,4.840000152587891,4.929999828338623,4.900000095367432,156400,4.900000095367432
2017-01-09,5.0,4.860000133514404,4.96999979019165,4.929999828338623,182100,4.929999828338623
2017-01-10,5.0,4.920000076293945,4.940000057220459,4.960000038146973,251300,4.960000038146973
2017-01-11,5.0,4.900000095367432,4.960000038146973,4.980000019073486,300000,4.980000019073486
2017-01-12,5.0,4.849999904632568,5.0,4.949999809265137,171700,4.949999809265137
2017-01-13,4.989999771118164,4.920000076293945,4.949999809265137,4.949999809265137,113400,4.949999809265137
2017-01-17,4.940000057220459,4.800000190734863,4.900000095367432,4.809999942779541,198900,4.809999942779541
2017-01-18,4.920000076293945,4.820000171661377,4.840000152587891,4.900000095367432,156100,4.900000095367432
2017-01-19,4.940000057220459,4.829999923706055,4.880000114440918,4.869999885559082,115500,4.869999885559082
2017-01-20,4.929999828338623,4.820000171661377,4.820000171661377,4.909999847412109,259500,4.909999847412109
2017-01-23,4.960000038146973,4.880000114440918,4.920000076293945,4.949999809265137,147100,4.949999809265137
2017-01-24,4.960000038146973,4.869999885559082,4.940000057220459,4.889999866485596,135100,4.889999866485596
2017-01-25,4.960000038146973,4.860000133514404,4.920000076293945,4.929999828338623,136700,4.929999828338623
2017-01-26,4.929999828338623,4.809999942779541,4.920000076293945,4.820000171661377,78800,4.820000171661377
2017-01-27,4.880000114440918,4.800000190734863,4.860000133514404,4.800000190734863,82400,4.800000190734863
2017-01-30,4.920000076293945,4.730000019073486,4.78000020980835,4.789999961853027,171000,4.789999961853027
2017-01-31,4.809999942779541,4.710000038146973,4.769999980926514,4.769999980926514,149900,4.769999980926514
2017-02-01,4.809999942779541,4.730000019073486,4.769999980926514,4.769999980926514,176300,4.769999980926514
2017-02-02,4.800000190734863,4.739999771118164,4.739999771118164,4.739999771118164,138600,4.739999771118164
2017-02-03,4.849999904632568,4.78000020980835,4.78000020980835,4.849999904632568,319100,4.849999904632568
2017-02-06,4.960000038146973,4.840000152587891,4.860000133514404,4.940000057220459,184000,4.940000057220459
2017-02-07,4.949999809265137,4.889999866485596,4.929999828338623,4.909999847412109,133500,4.909999847412109
2017-02-08,4.960000038146973,4.820000171661377,4.889999866485596,4.820000171661377,104800,4.820000171661377
2017-02-09,4.989999771118164,4.760000228881836,4.820000171661377,4.949999809265137,501300,4.949999809265137
2017-02-10,4.989999771118164,4.75,4.940000057220459,4.900000095367432,414500,4.900000095367432
2017-02-13,4.989999771118164,4.860000133514404,4.900000095367432,4.960000038146973,314500,4.960000038146973
2017-02-14,5.010000228881836,4.940000057220459,4.949999809265137,4.949999809265137,406000,4.949999809265137
2017-02-15,4.989999771118164,4.880000114440918,4.960000038146973,4.949999809265137,190900,4.949999809265137
2017-02-16,5.010000228881836,4.909999847412109,4.949999809265137,4.96999979019165,197100,4.96999979019165
2017-02-17,5.150000095367432,4.929999828338623,4.96999979019165,5.110000133514404,882200,5.110000133514404
2017-02-21,5.199999809265137,5.059999942779541,5.119999885559082,5.150000095367432,398300,5.150000095367432
2017-02-22,5.239999771118164,5.130000114440918,5.130000114440918,5.170000076293945,288700,5.170000076293945
2017-02-23,5.409999847412109,5.150000095367432,5.179999828338623,5.389999866485596,738700,5.389999866485596
2017-02-24,5.380000114440918,5.179999828338623,5.309999942779541,5.239999771118164,211600,5.239999771118164
2017-02-27,5.329999923706055,5.239999771118164,5.239999771118164,5.25,249500,5.25
2017-02-28,5.25,4.980000019073486,5.25,5.010000228881836,410600,5.010000228881836
2017-03-01,5.210000038146973,5.019999980926514,5.079999923706055,5.139999866485596,344800,5.139999866485596
2017-03-02,5.230000019073486,5.059999942779541,5.119999885559082,5.190000057220459,265700,5.190000057220459
2017-03-03,5.239999771118164,5.099999904632568,5.199999809265137,5.150000095367432,122700,5.150000095367432
2017-03-06,5.170000076293945,5.050000190734863,5.110000133514404,5.059999942779541,144900,5.059999942779541
2017-03-07,5.130000114440918,5.039999961853027,5.050000190734863,5.110000133514404,142300,5.110000133514404
2017-03-08,5.159999847412109,5.059999942779541,5.139999866485596,5.079999923706055,110400,5.079999923706055
2017-03-09,5.119999885559082,5.050000190734863,5.079999923706055,5.099999904632568,129900,5.099999904632568
2017-03-10,5.130000114440918,5.019999980926514,5.130000114440918,5.019999980926514,105300,5.019999980926514
2017-03-13,4.96999979019165,4.800000190734863,4.96999979019165,4.869999885559082,423900,4.869999885559082
2017-03-14,4.889999866485596,4.820000171661377,4.880000114440918,4.869999885559082,134400,4.869999885559082
2017-03-15,4.900000095367432,4.760000228881836,4.860000133514404,4.829999923706055,313500,4.829999923706055
2017-03-16,5.25,4.849999904632568,4.849999904632568,5.230000019073486,350300,5.230000019073486
2017-03-17,5.21999979019165,4.960000038146973,5.199999809265137,5.070000171661377,875800,5.070000171661377
2017-03-20,5.130000114440918,4.900000095367432,5.110000133514404,4.940000057220459,223900,4.940000057220459
2017-03-21,4.980000019073486,4.760000228881836,4.940000057220459,4.760000228881836,185700,4.760000228881836
2017-03-22,4.820000171661377,4.650000095367432,4.760000228881836,4.679999828338623,222400,4.679999828338623
2017-03-23,4.699999809265137,4.599999904632568,4.659999847412109,4.619999885559082,430500,4.619999885559082
2017-03-24,4.710000038146973,4.610000133514404,4.610000133514404,4.630000114440918,224100,4.630000114440918
2017-03-27,4.730000019073486,4.599999904632568,4.599999904632568,4.679999828338623,149300,4.679999828338623
2017-03-28,4.75,4.619999885559082,4.679999828338623,4.690000057220459,165200,4.690000057220459
2017-03-29,4.730000019073486,4.599999904632568,4.670000076293945,4.679999828338623,287200,4.679999828338623
2017-03-30,4.829999923706055,4.659999847412109,4.670000076293945,4.739999771118164,147900,4.739999771118164
2017-03-31,4.849999904632568,4.75,4.75,4.809999942779541,177500,4.809999942779541
2017-04-03,4.840000152587891,4.760000228881836,4.829999923706055,4.760000228881836,180200,4.760000228881836
2017-04-04,4.849999904632568,4.75,4.760000228881836,4.78000020980835,159800,4.78000020980835
2017-04-05,4.869999885559082,4.760000228881836,4.800000190734863,4.769999980926514,250000,4.769999980926514
2017-04-06,4.840000152587891,4.769999980926514,4.78000020980835,4.809999942779541,229000,4.809999942779541
2017-04-07,4.96999979019165,4.809999942779541,4.809999942779541,4.940000057220459,245300,4.940000057220459
2017-04-10,5.150000095367432,4.929999828338623,4.960000038146973,5.050000190734863,382900,5.050000190734863
2017-04-11,5.130000114440918,5.03000020980835,5.059999942779541,5.119999885559082,266800,5.119999885559082
2017-04-12,5.130000114440918,5.050000190734863,5.099999904632568,5.099999904632568,210200,5.099999904632568
2017-04-13,5.179999828338623,5.050000190734863,5.090000152587891,5.099999904632568,199300,5.099999904632568
2017-04-17,5.190000057220459,5.079999923706055,5.130000114440918,5.150000095367432,210400,5.150000095367432
2017-04-18,5.21999979019165,5.099999904632568,5.150000095367432,5.159999847412109,136500,5.159999847412109
2017-04-19,5.25,5.139999866485596,5.170000076293945,5.239999771118164,210700,5.239999771118164
2017-04-20,5.329999923706055,5.230000019073486,5.25,5.269999980926514,286600,5.269999980926514
2017-04-21,5.460000038146973,5.239999771118164,5.28000020980835,5.369999885559082,1046900,5.369999885559082
2017-04-24,5.46999979019165,5.300000190734863,5.400000095367432,5.349999904632568,219000,5.349999904632568
2017-04-25,5.409999847412109,5.190000057220459,5.380000114440918,5.210000038146973,345100,5.210000038146973
2017-04-26,5.989999771118164,5.400000095367432,5.699999809265137,5.460000038146973,1384600,5.460000038146973
2017-04-27,5.579999923706055,5.460000038146973,5.53000020980835,5.460000038146973,668400,5.460000038146973
2017-04-28,5.519999980926514,5.400000095367432,5.480000019073486,5.429999828338623,461400,5.429999828338623
2017-05-01,5.630000114440918,5.449999809265137,5.460000038146973,5.599999904632568,447900,5.599999904632568
2017-05-02,5.670000076293945,5.5,5.610000133514404,5.550000190734863,301600,5.550000190734863
2017-05-03,5.570000171661377,5.480000019073486,5.5,5.53000020980835,274300,5.53000020980835
2017-05-04,5.559999942779541,5.480000019073486,5.519999980926514,5.539999961853027,225700,5.539999961853027
2017-05-05,5.550000190734863,5.449999809265137,5.550000190734863,5.510000228881836,214300,5.510000228881836
2017-05-08,5.590000152587891,5.460000038146973,5.46999979019165,5.550000190734863,473500,5.550000190734863
2017-05-09,5.690000057220459,5.539999961853027,5.539999961853027,5.599999904632568,421800,5.599999904632568
2017-05-10,5.599999904632568,5.519999980926514,5.570000171661377,5.559999942779541,244500,5.559999942779541
2017-05-11,5.559999942779541,5.440000057220459,5.53000020980835,5.480000019073486,238800,5.480000019073486
2017-05-12,5.510000228881836,5.429999828338623,5.460000038146973,5.46999979019165,280500,5.46999979019165
2017-05-15,5.869999885559082,5.5,5.510000228881836,5.78000020980835,864200,5.78000020980835
2017-05-16,5.869999885559082,5.75,5.800000190734863,5.820000171661377,532100,5.820000171661377
2017-05-17,5.829999923706055,5.710000038146973,5.760000228881836,5.769999980926514,570100,5.769999980926514
2017-05-18,5.849999904632568,5.710000038146973,5.78000020980835,5.789999961853027,406300,5.789999961853027
2017-05-19,5.900000095367432,5.75,5.789999961853027,5.820000171661377,1092800,5.820000171661377
2017-05-22,5.989999771118164,5.809999942779541,5.809999942779541,5.949999809265137,336600,5.949999809265137
2017-05-23,5.949999809265137,5.840000152587891,5.949999809265137,5.900000095367432,248000,5.900000095367432
2017-05-24,5.949999809265137,5.849999904632568,5.920000076293945,5.900000095367432,154600,5.900000095367432
2017-05-25,5.96999979019165,5.869999885559082,5.889999866485596,5.909999847412109,186600,5.909999847412109
2017-05-26,5.940000057220459,5.840000152587891,5.900000095367432,5.909999847412109,138900,5.909999847412109
2017-05-30,5.940000057220459,5.800000190734863,5.909999847412109,5.829999923706055,227800,5.829999923706055
2017-05-31,5.820000171661377,5.690000057220459,5.809999942779541,5.769999980926514,118700,5.769999980926514
2017-06-01,5.920000076293945,5.769999980926514,5.809999942779541,5.920000076293945,241700,5.920000076293945
2017-06-02,6.190000057220459,5.909999847412109,5.909999847412109,6.079999923706055,673700,6.079999923706055
2017-06-05,6.150000095367432,5.900000095367432,6.099999904632568,5.960000038146973,230400,5.960000038146973
2017-06-06,5.96999979019165,5.820000171661377,5.96999979019165,5.860000133514404,227900,5.860000133514404
2017-06-07,6.0,5.869999885559082,5.889999866485596,5.940000057220459,443200,5.940000057220459
2017-06-08,6.440000057220459,5.900000095367432,5.96999979019165,6.349999904632568,1098900,6.349999904632568
2017-06-09,6.440000057220459,6.139999866485596,6.400000095367432,6.260000228881836,519800,6.260000228881836
2017-06-12,6.630000114440918,6.110000133514404,6.289999961853027,6.610000133514404,770200,6.610000133514404
2017-06-13,6.670000076293945,5.860000133514404,6.599999904632568,5.889999866485596,1002900,5.889999866485596
2017-06-14,6.090000152587891,5.699999809265137,5.710000038146973,5.920000076293945,608200,5.920000076293945
2017-06-15,5.989999771118164,5.809999942779541,5.909999847412109,5.880000114440918,312300,5.880000114440918
2017-06-16,5.929999828338623,5.760000228881836,5.789999961853027,5.760000228881836,1371300,5.760000228881836
2017-06-19,5.960000038146973,5.710000038146973,5.739999771118164,5.960000038146973,462200,5.960000038146973
2017-06-20,6.039999961853027,5.869999885559082,5.980000019073486,5.909999847412109,227600,5.909999847412109
2017-06-21,6.0,5.809999942779541,5.929999828338623,5.829999923706055,241800,5.829999923706055
2017-06-22,5.900000095367432,5.789999961853027,5.820000171661377,5.829999923706055,148500,5.829999923706055
2017-06-23,5.829999923706055,5.71999979019165,5.820000171661377,5.769999980926514,458000,5.769999980926514
2017-06-26,5.949999809265137,5.760000228881836,5.760000228881836,5.920000076293945,375300,5.920000076293945
2017-06-27,5.940000057220459,5.78000020980835,5.909999847412109,5.789999961853027,328100,5.789999961853027
2017-06-28,5.869999885559082,5.760000228881836,5.800000190734863,5.820000171661377,245100,5.820000171661377
2017-06-29,5.869999885559082,5.610000133514404,5.840000152587891,5.730000019073486,377900,5.730000019073486
2017-06-30,5.789999961853027,5.659999847412109,5.710000038146973,5.690000057220459,134400,5.690000057220459
2017-07-03,5.690000057220459,5.53000020980835,5.690000057220459,5.599999904632568,143800,5.599999904632568
2017-07-05,5.679999828338623,5.550000190734863,5.570000171661377,5.570000171661377,228000,5.570000171661377
2017-07-06,5.550000190734863,5.440000057220459,5.53000020980835,5.519999980926514,249500,5.519999980926514
2017-07-07,5.690000057220459,5.489999771118164,5.5,5.670000076293945,123400,5.670000076293945
2017-07-10,5.829999923706055,5.579999923706055,5.679999828338623,5.730000019073486,205900,5.730000019073486
2017-07-11,5.800000190734863,5.699999809265137,5.739999771118164,5.739999771118164,173000,5.739999771118164
2017-07-12,5.849999904632568,5.710000038146973,5.75,5.78000020980835,151600,5.78000020980835
2017-07-13,5.78000020980835,5.690000057220459,5.769999980926514,5.699999809265137,148700,5.699999809265137
2017-07-14,5.739999771118164,5.650000095367432,5.690000057220459,5.739999771118164,140300,5.739999771118164
2017-07-17,5.809999942779541,5.699999809265137,5.769999980926514,5.75,147400,5.75
2017-07-18,5.760000228881836,5.650000095367432,5.730000019073486,5.730000019073486,129000,5.730000019073486
2017-07-19,6.039999961853027,5.71999979019165,5.760000228881836,5.900000095367432,916600,5.900000095367432
2017-07-20,5.960000038146973,5.860000133514404,5.900000095367432,5.869999885559082,115700,5.869999885559082
2017-07-21,5.880000114440918,5.690000057220459,5.880000114440918,5.769999980926514,464500,5.769999980926514
2017-07-24,5.820000171661377,5.699999809265137,5.760000228881836,5.739999771118164,112700,5.739999771118164
2017-07-25,5.820000171661377,5.710000038146973,5.769999980926514,5.75,80200,5.75
2017-07-26,5.769999980926514,5.710000038146973,5.760000228881836,5.730000019073486,84500,5.730000019073486
2017-07-27,5.739999771118164,5.480000019073486,5.71999979019165,5.510000228881836,233200,5.510000228881836
2017-07-28,5.559999942779541,5.409999847412109,5.510000228881836,5.449999809265137,191300,5.449999809265137
2017-07-31,5.659999847412109,5.289999961853027,5.5,5.329999923706055,395600,5.329999923706055
2017-08-01,5.53000020980835,5.329999923706055,5.329999923706055,5.449999809265137,350000,5.449999809265137
2017-08-02,5.599999904632568,5.400000095367432,5.599999904632568,5.460000038146973,297700,5.460000038146973
2017-08-03,5.449999809265137,5.25,5.449999809265137,5.260000228881836,324700,5.260000228881836
2017-08-04,5.340000152587891,5.260000228881836,5.28000020980835,5.309999942779541,280400,5.309999942779541
2017-08-07,5.349999904632568,5.25,5.340000152587891,5.329999923706055,206800,5.329999923706055
2017-08-08,5.340000152587891,5.150000095367432,5.300000190734863,5.190000057220459,277400,5.190000057220459
2017-08-09,5.199999809265137,5.059999942779541,5.119999885559082,5.150000095367432,193800,5.150000095367432
2017-08-10,5.130000114440918,4.940000057220459,5.110000133514404,4.940000057220459,337600,4.940000057220459
2017-08-11,5.099999904632568,4.889999866485596,4.980000019073486,4.940000057220459,277300,4.940000057220459
2017-08-14,5.25,5.03000020980835,5.039999961853027,5.210000038146973,246700,5.210000038146973
2017-08-15,5.260000228881836,5.150000095367432,5.199999809265137,5.199999809265137,182700,5.199999809265137
2017-08-16,5.269999980926514,5.199999809265137,5.199999809265137,5.25,100100,5.25
2017-08-17,5.28000020980835,5.159999847412109,5.210000038146973,5.159999847412109,109200,5.159999847412109
2017-08-18,5.239999771118164,5.099999904632568,5.099999904632568,5.239999771118164,161500,5.239999771118164
2017-08-21,5.210000038146973,5.159999847412109,5.199999809265137,5.190000057220459,128500,5.190000057220459
2017-08-22,5.269999980926514,5.179999828338623,5.230000019073486,5.199999809265137,142700,5.199999809265137
2017-08-23,5.21999979019165,5.139999866485596,5.159999847412109,5.150000095367432,291200,5.150000095367432
2017-08-24,5.25,5.179999828338623,5.190000057220459,5.230000019073486,56500,5.230000019073486
2017-08-25,5.260000228881836,5.139999866485596,5.21999979019165,5.150000095367432,151100,5.150000095367432
2017-08-28,5.199999809265137,5.079999923706055,5.179999828338623,5.110000133514404,162200,5.110000133514404
2017-08-29,5.150000095367432,5.03000020980835,5.090000152587891,5.079999923706055,318700,5.079999923706055
2017-08-30,5.369999885559082,5.090000152587891,5.099999904632568,5.28000020980835,313400,5.28000020980835
2017-08-31,5.340000152587891,5.260000228881836,5.260000228881836,5.309999942779541,137600,5.309999942779541
2017-09-01,5.320000171661377,5.170000076293945,5.320000171661377,5.21999979019165,109700,5.21999979019165
2017-09-05,5.269999980926514,5.079999923706055,5.179999828338623,5.110000133514404,146600,5.110000133514404
2017-09-06,5.199999809265137,5.099999904632568,5.099999904632568,5.130000114440918,125600,5.130000114440918
2017-09-07,5.199999809265137,5.059999942779541,5.130000114440918,5.059999942779541,99900,5.059999942779541
2017-09-08,5.159999847412109,5.010000228881836,5.079999923706055,5.010000228881836,141700,5.010000228881836
2017-09-11,5.150000095367432,5.010000228881836,5.010000228881836,5.110000133514404,166600,5.110000133514404
2017-09-12,5.119999885559082,5.010000228881836,5.099999904632568,5.050000190734863,89300,5.050000190734863
2017-09-13,5.099999904632568,4.96999979019165,5.070000171661377,4.980000019073486,118400,4.980000019073486
2017-09-14,5.010000228881836,4.929999828338623,4.989999771118164,4.949999809265137,259600,4.949999809265137
2017-09-15,4.989999771118164,4.550000190734863,4.960000038146973,4.550000190734863,3113900,4.550000190734863
2017-09-18,4.940000057220459,4.630000114440918,4.630000114440918,4.920000076293945,494800,4.920000076293945
2017-09-19,4.980000019073486,4.789999961853027,4.96999979019165,4.820000171661377,206400,4.820000171661377
2017-09-20,4.869999885559082,4.760000228881836,4.809999942779541,4.800000190734863,224300,4.800000190734863
2017-09-21,4.820000171661377,4.75,4.809999942779541,4.800000190734863,140100,4.800000190734863
2017-09-22,4.840000152587891,4.670000076293945,4.769999980926514,4.699999809265137,210100,4.699999809265137
2017-09-25,4.800000190734863,4.650000095367432,4.690000057220459,4.78000020980835,163000,4.78000020980835
2017-09-26,4.849999904632568,4.75,4.78000020980835,4.789999961853027,187400,4.789999961853027
2017-09-27,4.980000019073486,4.78000020980835,4.789999961853027,4.960000038146973,285400,4.960000038146973
2017-09-28,5.010000228881836,4.920000076293945,4.949999809265137,4.96999979019165,241700,4.96999979019165
2017-09-29,4.989999771118164,4.869999885559082,4.949999809265137,4.889999866485596,132300,4.889999866485596
2017-10-02,5.199999809265137,4.829999923706055,4.849999904632568,5.190000057220459,477300,5.190000057220459
2017-10-03,5.190000057220459,5.0,5.179999828338623,5.019999980926514,237500,5.019999980926514
2017-10-04,5.179999828338623,5.010000228881836,5.010000228881836,5.090000152587891,180500,5.090000152587891
2017-10-05,5.139999866485596,5.050000190734863,5.119999885559082,5.099999904632568,163800,5.099999904632568
2017-10-06,5.239999771118164,5.079999923706055,5.099999904632568,5.199999809265137,328600,5.199999809265137
2017-10-09,5.329999923706055,5.150000095367432,5.210000038146973,5.309999942779541,399500,5.309999942779541
2017-10-10,5.400000095367432,5.289999961853027,5.340000152587891,5.380000114440918,277200,5.380000114440918
2017-10-11,5.389999866485596,5.28000020980835,5.389999866485596,5.320000171661377,200000,5.320000171661377
2017-10-12,5.389999866485596,5.269999980926514,5.329999923706055,5.389999866485596,182800,5.389999866485596
2017-10-13,5.400000095367432,5.28000020980835,5.400000095367432,5.289999961853027,126500,5.289999961853027
2017-10-16,5.320000171661377,5.119999885559082,5.289999961853027,5.139999866485596,162900,5.139999866485596
2017-10-17,5.210000038146973,5.079999923706055,5.159999847412109,5.090000152587891,92300,5.090000152587891
2017-10-18,5.170000076293945,5.110000133514404,5.119999885559082,5.130000114440918,138700,5.130000114440918
2017-10-19,5.150000095367432,5.059999942779541,5.099999904632568,5.110000133514404,82300,5.110000133514404
2017-10-20,5.199999809265137,5.110000133514404,5.150000095367432,5.159999847412109,86600,5.159999847412109
2017-10-23,5.170000076293945,5.0,5.170000076293945,5.03000020980835,98200,5.03000020980835
2017-10-24,5.199999809265137,5.03000020980835,5.070000171661377,5.059999942779541,123800,5.059999942779541
2017-10-25,5.059999942779541,4.630000114440918,5.03000020980835,4.690000057220459,430300,4.690000057220459
2017-10-26,4.960000038146973,4.610000133514404,4.760000228881836,4.619999885559082,281000,4.619999885559082
2017-10-27,4.739999771118164,4.630000114440918,4.659999847412109,4.650000095367432,309200,4.650000095367432
2017-10-30,4.789999961853027,4.670000076293945,4.699999809265137,4.730000019073486,313300,4.730000019073486
2017-10-31,4.880000114440918,4.75,4.769999980926514,4.849999904632568,274100,4.849999904632568
2017-11-01,4.900000095367432,4.659999847412109,4.900000095367432,4.699999809265137,185700,4.699999809265137
2017-11-02,4.809999942779541,4.650000095367432,4.699999809265137,4.789999961853027,249200,4.789999961853027
2017-11-03,4.769999980926514,4.710000038146973,4.769999980926514,4.730000019073486,140900,4.730000019073486
2017-11-06,4.78000020980835,4.679999828338623,4.760000228881836,4.78000020980835,122700,4.78000020980835
2017-11-07,4.78000020980835,4.659999847412109,4.78000020980835,4.679999828338623,236300,4.679999828338623
2017-11-08,4.71999979019165,4.650000095367432,4.659999847412109,4.679999828338623,191900,4.679999828338623
2017-11-09,4.730000019073486,4.650000095367432,4.650000095367432,4.690000057220459,221000,4.690000057220459
2017-11-10,4.739999771118164,4.639999866485596,4.690000057220459,4.650000095367432,113100,4.650000095367432
2017-11-13,4.659999847412109,4.610000133514404,4.650000095367432,4.639999866485596,173700,4.639999866485596
2017-11-14,4.659999847412109,4.599999904632568,4.610000133514404,4.639999866485596,109200,4.639999866485596
2017-11-15,4.650000095367432,4.579999923706055,4.599999904632568,4.599999904632568,155500,4.599999904632568
2017-11-16,4.679999828338623,4.539999961853027,4.599999904632568,4.570000171661377,304700,4.570000171661377
2017-11-17,4.630000114440918,4.539999961853027,4.539999961853027,4.559999942779541,225000,4.559999942779541
2017-11-20,4.570000171661377,4.449999809265137,4.559999942779541,4.559999942779541,932700,4.559999942779541
2017-11-21,4.659999847412109,4.579999923706055,4.579999923706055,4.630000114440918,192500,4.630000114440918
2017-11-22,4.71999979019165,4.599999904632568,4.630000114440918,4.639999866485596,141000,4.639999866485596
2017-11-24,4.670000076293945,4.5,4.670000076293945,4.519999980926514,137200,4.519999980926514
2017-11-27,4.670000076293945,4.519999980926514,4.53000020980835,4.559999942779541,236800,4.559999942779541
2017-11-28,4.690000057220459,4.510000228881836,4.570000171661377,4.679999828338623,198100,4.679999828338623
2017-11-29,4.679999828338623,4.5,4.670000076293945,4.519999980926514,160600,4.519999980926514
2017-11-30,4.570000171661377,4.400000095367432,4.559999942779541,4.400000095367432,306500,4.400000095367432
2017-12-01,4.510000228881836,4.25,4.389999866485596,4.489999771118164,208700,4.489999771118164
2017-12-04,4.539999961853027,4.260000228881836,4.53000020980835,4.269999980926514,209100,4.269999980926514
2017-12-05,4.380000114440918,4.210000038146973,4.269999980926514,4.230000019073486,223300,4.230000019073486
2017-12-06,4.369999885559082,4.159999847412109,4.230000019073486,4.21999979019165,232500,4.21999979019165
2017-12-07,4.320000171661377,4.190000057220459,4.239999771118164,4.260000228881836,248200,4.260000228881836
2017-12-08,4.300000190734863,4.230000019073486,4.28000020980835,4.239999771118164,224600,4.239999771118164
2017-12-11,4.329999923706055,4.170000076293945,4.260000228881836,4.269999980926514,261500,4.269999980926514
2017-12-12,4.480000019073486,4.260000228881836,4.28000020980835,4.389999866485596,373300,4.389999866485596
2017-12-13,4.480000019073486,4.380000114440918,4.380000114440918,4.409999847412109,203000,4.409999847412109
2017-12-14,4.539999961853027,4.400000095367432,4.440000057220459,4.46999979019165,306900,4.46999979019165
2017-12-15,4.650000095367432,4.480000019073486,4.480000019073486,4.559999942779541,588600,4.559999942779541
2017-12-18,4.630000114440918,4.400000095367432,4.570000171661377,4.400000095367432,267600,4.400000095367432
2017-12-19,4.619999885559082,4.400000095367432,4.400000095367432,4.559999942779541,371900,4.559999942779541
2017-12-20,4.599999904632568,4.369999885559082,4.590000152587891,4.389999866485596,195400,4.389999866485596
2017-12-21,4.460000038146973,4.380000114440918,4.409999847412109,4.409999847412109,202800,4.409999847412109
2017-12-22,4.489999771118164,4.369999885559082,4.400000095367432,4.449999809265137,196700,4.449999809265137
2017-12-26,4.5,4.409999847412109,4.46999979019165,4.440000057220459,257100,4.440000057220459
2017-12-27,4.599999904632568,4.369999885559082,4.429999828338623,4.559999942779541,470400,4.559999942779541
2017-12-28,4.630000114440918,4.400000095367432,4.570000171661377,4.409999847412109,216700,4.409999847412109
2017-12-29,4.5,4.380000114440918,4.420000076293945,4.380000114440918,188400,4.380000114440918
2018-01-02,4.550000190734863,4.369999885559082,4.380000114440918,4.480000019073486,323200,4.480000019073486
2018-01-03,4.53000020980835,4.409999847412109,4.449999809265137,4.409999847412109,205800,4.409999847412109
2018-01-04,4.579999923706055,4.449999809265137,4.449999809265137,4.570000171661377,293400,4.570000171661377
2018-01-05,4.699999809265137,4.570000171661377,4.579999923706055,4.599999904632568,338800,4.599999904632568
2018-01-08,4.639999866485596,4.550000190734863,4.590000152587891,4.610000133514404,186400,4.610000133514404
2018-01-09,4.619999885559082,4.510000228881836,4.610000133514404,4.53000020980835,171700,4.53000020980835
2018-01-10,4.599999904632568,4.480000019073486,4.5,4.550000190734863,163600,4.550000190734863
2018-01-11,4.630000114440918,4.510000228881836,4.519999980926514,4.570000171661377,227900,4.570000171661377
2018-01-12,4.630000114440918,4.570000171661377,4.570000171661377,4.590000152587891,322700,4.590000152587891
2018-01-16,4.75,4.429999828338623,4.599999904632568,4.5,347200,4.5
2018-01-17,4.590000152587891,4.480000019073486,4.510000228881836,4.519999980926514,222500,4.519999980926514
2018-01-18,4.559999942779541,4.46999979019165,4.510000228881836,4.519999980926514,136100,4.519999980926514
2018-01-19,4.679999828338623,4.510000228881836,4.519999980926514,4.650000095367432,288400,4.650000095367432
2018-01-22,4.679999828338623,4.460000038146973,4.639999866485596,4.46999979019165,200900,4.46999979019165
2018-01-23,4.579999923706055,4.449999809265137,4.46999979019165,4.550000190734863,167500,4.550000190734863
2018-01-24,4.570000171661377,4.349999904632568,4.570000171661377,4.349999904632568,202300,4.349999904632568
2018-01-25,4.400000095367432,4.309999942779541,4.389999866485596,4.349999904632568,255000,4.349999904632568
2018-01-26,4.360000133514404,4.21999979019165,4.349999904632568,4.28000020980835,234300,4.28000020980835
2018-01-29,4.300000190734863,4.25,4.28000020980835,4.269999980926514,123400,4.269999980926514
2018-01-30,4.309999942779541,4.21999979019165,4.21999979019165,4.28000020980835,113700,4.28000020980835
2018-01-31,4.340000152587891,4.210000038146973,4.300000190734863,4.230000019073486,144700,4.230000019073486
2018-02-01,4.230000019073486,4.159999847412109,4.21999979019165,4.21999979019165,194000,4.21999979019165
2018-02-02,4.239999771118164,4.050000190734863,4.199999809265137,4.050000190734863,192800,4.050000190734863
2018-02-05,4.139999866485596,3.9700000286102295,4.050000190734863,3.990000009536743,218100,3.990000009536743
2018-02-06,4.010000228881836,3.880000114440918,3.950000047683716,4.0,318000,4.0
2018-02-07,4.119999885559082,3.9600000381469727,4.0,4.079999923706055,239100,4.079999923706055
2018-02-08,4.159999847412109,4.0,4.079999923706055,4.059999942779541,201400,4.059999942779541
2018-02-09,4.179999828338623,4.0,4.099999904632568,4.150000095367432,324600,4.150000095367432
2018-02-12,4.159999847412109,4.0,4.139999866485596,4.03000020980835,241300,4.03000020980835
2018-02-13,4.119999885559082,4.0,4.010000228881836,4.050000190734863,170700,4.050000190734863
2018-02-14,4.150000095367432,4.039999961853027,4.039999961853027,4.090000152587891,199500,4.090000152587891
2018-02-15,4.179999828338623,4.050000190734863,4.130000114440918,4.159999847412109,230400,4.159999847412109
2018-02-16,4.269999980926514,4.130000114440918,4.139999866485596,4.159999847412109,111600,4.159999847412109
2018-02-20,4.190000057220459,4.050000190734863,4.139999866485596,4.099999904632568,173500,4.099999904632568
2018-02-21,4.179999828338623,4.099999904632568,4.099999904632568,4.130000114440918,160500,4.130000114440918
2018-02-22,4.150000095367432,4.059999942779541,4.130000114440918,4.099999904632568,258300,4.099999904632568
2018-02-23,4.139999866485596,3.819999933242798,4.139999866485596,3.9000000953674316,782400,3.9000000953674316
2018-02-26,4.059999942779541,3.890000104904175,3.930000066757202,4.039999961853027,556700,4.039999961853027
2018-02-27,4.070000171661377,3.9800000190734863,4.03000020980835,4.050000190734863,280300,4.050000190734863
2018-02-28,4.059999942779541,4.010000228881836,4.039999961853027,4.050000190734863,321800,4.050000190734863
2018-03-01,4.090000152587891,4.019999980926514,4.039999961853027,4.079999923706055,294900,4.079999923706055
2018-03-02,4.179999828338623,4.03000020980835,4.03000020980835,4.170000076293945,239400,4.170000076293945
2018-03-05,4.25,4.130000114440918,4.150000095367432,4.210000038146973,315400,4.210000038146973
2018-03-06,4.25,4.130000114440918,4.199999809265137,4.230000019073486,176900,4.230000019073486
2018-03-07,4.309999942779541,4.190000057220459,4.21999979019165,4.269999980926514,283100,4.269999980926514
2018-03-08,4.300000190734863,4.190000057220459,4.289999961853027,4.239999771118164,200600,4.239999771118164
2018-03-09,4.289999961853027,4.150000095367432,4.25,4.25,259500,4.25
2018-03-12,4.400000095367432,4.210000038146973,4.269999980926514,4.369999885559082,235800,4.369999885559082
2018-03-13,4.400000095367432,4.25,4.269999980926514,4.28000020980835,163700,4.28000020980835
2018-03-14,4.300000190734863,4.239999771118164,4.300000190734863,4.289999961853027,176200,4.289999961853027
2018-03-15,4.360000133514404,4.260000228881836,4.269999980926514,4.289999961853027,175100,4.289999961853027
2018-03-16,4.340000152587891,4.260000228881836,4.28000020980835,4.269999980926514,1141900,4.269999980926514
2018-03-19,4.320000171661377,4.21999979019165,4.269999980926514,4.309999942779541,214700,4.309999942779541
2018-03-20,4.400000095367432,4.25,4.300000190734863,4.400000095367432,233300,4.400000095367432
2018-03-21,4.550000190734863,4.369999885559082,4.389999866485596,4.53000020980835,375600,4.53000020980835
2018-03-22,4.579999923706055,4.480000019073486,4.519999980926514,4.519999980926514,248000,4.519999980926514
2018-03-23,4.539999961853027,4.400000095367432,4.539999961853027,4.400000095367432,254500,4.400000095367432
2018-03-26,4.449999809265137,4.389999866485596,4.440000057220459,4.420000076293945,197600,4.420000076293945
2018-03-27,4.449999809265137,4.349999904632568,4.429999828338623,4.389999866485596,229300,4.389999866485596
2018-03-28,4.409999847412109,4.239999771118164,4.369999885559082,4.25,258700,4.25
2018-03-29,4.329999923706055,4.210000038146973,4.239999771118164,4.269999980926514,189500,4.269999980926514
2018-04-02,4.320000171661377,4.25,4.289999961853027,4.289999961853027,272900,4.289999961853027
2018-04-03,4.440000057220459,4.28000020980835,4.309999942779541,4.409999847412109,236500,4.409999847412109
2018-04-04,4.590000152587891,4.380000114440918,4.380000114440918,4.559999942779541,271000,4.559999942779541
2018-04-05,4.699999809265137,4.53000020980835,4.579999923706055,4.610000133514404,290300,4.610000133514404
2018-04-06,4.630000114440918,4.46999979019165,4.590000152587891,4.480000019073486,259900,4.480000019073486
2018-04-09,4.53000020980835,4.420000076293945,4.489999771118164,4.5,223400,4.5
2018-04-10,4.650000095367432,4.480000019073486,4.53000020980835,4.610000133514404,294200,4.610000133514404
2018-04-11,4.670000076293945,4.510000228881836,4.599999904632568,4.599999904632568,237400,4.599999904632568
2018-04-12,4.659999847412109,4.539999961853027,4.610000133514404,4.630000114440918,173900,4.630000114440918
2018-04-13,4.639999866485596,4.590000152587891,4.630000114440918,4.619999885559082,168600,4.619999885559082
2018-04-16,4.840000152587891,4.610000133514404,4.639999866485596,4.789999961853027,421500,4.789999961853027
2018-04-17,4.940000057220459,4.78000020980835,4.829999923706055,4.920000076293945,635600,4.920000076293945
2018-04-18,5.010000228881836,4.860000133514404,4.920000076293945,4.949999809265137,392300,4.949999809265137
2018-04-19,5.039999961853027,4.869999885559082,4.949999809265137,5.0,185100,5.0
2018-04-20,5.050000190734863,4.96999979019165,4.96999979019165,5.0,226500,5.0
2018-04-23,5.059999942779541,4.989999771118164,5.0,5.050000190734863,174500,5.050000190734863
2018-04-24,5.110000133514404,5.010000228881836,5.050000190734863,5.039999961853027,180400,5.039999961853027
2018-04-25,5.090000152587891,4.909999847412109,5.039999961853027,5.090000152587891,267100,5.090000152587891
2018-04-26,5.139999866485596,5.079999923706055,5.099999904632568,5.099999904632568,156400,5.099999904632568
2018-04-27,5.119999885559082,4.920000076293945,5.119999885559082,4.960000038146973,206300,4.960000038146973
2018-04-30,5.139999866485596,4.960000038146973,4.980000019073486,5.050000190734863,204800,5.050000190734863
2018-05-01,5.210000038146973,5.03000020980835,5.050000190734863,5.190000057220459,422200,5.190000057220459
2018-05-02,5.449999809265137,5.199999809265137,5.199999809265137,5.320000171661377,564200,5.320000171661377
2018-05-03,5.349999904632568,4.820000171661377,5.320000171661377,4.909999847412109,611000,4.909999847412109
2018-05-04,5.039999961853027,4.760000228881836,4.900000095367432,5.010000228881836,260900,5.010000228881836
2018-05-07,5.139999866485596,4.989999771118164,5.010000228881836,5.059999942779541,182900,5.059999942779541
2018-05-08,5.070000171661377,4.949999809265137,5.039999961853027,5.010000228881836,176900,5.010000228881836
2018-05-09,5.03000020980835,4.820000171661377,4.989999771118164,5.0,136500,5.0
2018-05-10,5.059999942779541,4.980000019073486,5.0,5.03000020980835,126200,5.03000020980835
2018-05-11,5.360000133514404,4.96999979019165,5.03000020980835,5.289999961853027,938500,5.289999961853027
2018-05-14,5.349999904632568,5.260000228881836,5.309999942779541,5.269999980926514,302300,5.269999980926514
2018-05-15,5.360000133514404,5.260000228881836,5.289999961853027,5.320000171661377,216600,5.320000171661377
2018-05-16,5.409999847412109,5.309999942779541,5.309999942779541,5.360000133514404,238800,5.360000133514404
2018-05-17,5.5,5.329999923706055,5.380000114440918,5.46999979019165,551900,5.46999979019165
2018-05-18,5.5,5.349999904632568,5.5,5.349999904632568,258800,5.349999904632568
2018-05-21,5.420000076293945,5.340000152587891,5.360000133514404,5.420000076293945,129600,5.420000076293945
2018-05-22,5.5,5.329999923706055,5.449999809265137,5.380000114440918,184700,5.380000114440918
2018-05-23,5.489999771118164,5.340000152587891,5.349999904632568,5.449999809265137,243000,5.449999809265137
2018-05-24,5.480000019073486,5.389999866485596,5.440000057220459,5.429999828338623,152500,5.429999828338623
2018-05-25,5.449999809265137,5.369999885559082,5.440000057220459,5.420000076293945,103000,5.420000076293945
2018-05-29,5.489999771118164,5.349999904632568,5.389999866485596,5.480000019073486,147600,5.480000019073486
2018-05-30,5.619999885559082,5.460000038146973,5.489999771118164,5.519999980926514,337000,5.519999980926514
2018-05-31,5.559999942779541,5.380000114440918,5.539999961853027,5.409999847412109,182200,5.409999847412109
2018-06-01,5.440000057220459,5.329999923706055,5.420000076293945,5.400000095367432,226200,5.400000095367432
2018-06-04,5.429999828338623,5.300000190734863,5.420000076293945,5.329999923706055,154700,5.329999923706055
2018-06-05,5.380000114440918,5.309999942779541,5.329999923706055,5.369999885559082,147400,5.369999885559082
2018-06-06,5.400000095367432,5.289999961853027,5.400000095367432,5.349999904632568,182800,5.349999904632568
2018-06-07,5.360000133514404,5.28000020980835,5.340000152587891,5.300000190734863,164200,5.300000190734863
2018-06-08,5.360000133514404,5.28000020980835,5.289999961853027,5.289999961853027,168500,5.289999961853027
2018-06-11,5.349999904632568,5.150000095367432,5.289999961853027,5.190000057220459,360500,5.190000057220459
2018-06-12,5.21999979019165,5.119999885559082,5.179999828338623,5.170000076293945,202300,5.170000076293945
2018-06-13,5.300000190734863,5.110000133514404,5.159999847412109,5.289999961853027,213100,5.289999961853027
2018-06-14,5.420000076293945,5.25,5.309999942779541,5.389999866485596,336000,5.389999866485596
2018-06-15,5.440000057220459,5.28000020980835,5.369999885559082,5.420000076293945,872400,5.420000076293945
2018-06-18,5.53000020980835,5.349999904632568,5.400000095367432,5.480000019073486,215800,5.480000019073486
2018-06-19,5.5,5.340000152587891,5.46999979019165,5.460000038146973,292000,5.460000038146973
2018-06-20,5.550000190734863,5.409999847412109,5.449999809265137,5.53000020980835,229800,5.53000020980835
2018-06-21,5.550000190734863,5.420000076293945,5.510000228881836,5.519999980926514,266600,5.519999980926514
2018-06-22,5.539999961853027,5.409999847412109,5.519999980926514,5.46999979019165,500400,5.46999979019165
2018-06-25,5.510000228881836,5.289999961853027,5.46999979019165,5.349999904632568,118000,5.349999904632568
2018-06-26,5.429999828338623,5.260000228881836,5.329999923706055,5.400000095367432,150500,5.400000095367432
2018-06-27,5.409999847412109,5.25,5.400000095367432,5.25,184600,5.25
2018-06-28,5.429999828338623,5.25,5.25,5.400000095367432,140000,5.400000095367432
2018-06-29,5.409999847412109,5.300000190734863,5.400000095367432,5.389999866485596,203900,5.389999866485596
2018-07-02,5.5,5.25,5.369999885559082,5.489999771118164,107000,5.489999771118164
2018-07-03,5.539999961853027,5.409999847412109,5.5,5.480000019073486,79300,5.480000019073486
2018-07-05,5.5,5.420000076293945,5.480000019073486,5.5,119700,5.5
2018-07-06,5.53000020980835,5.449999809265137,5.5,5.5,152100,5.5
2018-07-09,5.510000228881836,5.400000095367432,5.510000228881836,5.420000076293945,162500,5.420000076293945
2018-07-10,5.449999809265137,5.300000190734863,5.400000095367432,5.329999923706055,137200,5.329999923706055
2018-07-11,5.420000076293945,5.320000171661377,5.320000171661377,5.380000114440918,99700,5.380000114440918
2018-07-12,5.639999866485596,5.409999847412109,5.409999847412109,5.579999923706055,467200,5.579999923706055
2018-07-13,5.690000057220459,5.5,5.599999904632568,5.519999980926514,243100,5.519999980926514
2018-07-16,5.599999904632568,5.519999980926514,5.579999923706055,5.599999904632568,144600,5.599999904632568
2018-07-17,5.659999847412109,5.519999980926514,5.579999923706055,5.559999942779541,93200,5.559999942779541
2018-07-18,5.570000171661377,5.440000057220459,5.559999942779541,5.539999961853027,138900,5.539999961853027
2018-07-19,5.639999866485596,5.519999980926514,5.53000020980835,5.610000133514404,135000,5.610000133514404
2018-07-20,5.650000095367432,5.570000171661377,5.610000133514404,5.579999923706055,142700,5.579999923706055
2018-07-23,5.650000095367432,5.519999980926514,5.579999923706055,5.590000152587891,162800,5.590000152587891
2018-07-24,5.679999828338623,5.449999809265137,5.619999885559082,5.539999961853027,191400,5.539999961853027
2018-07-25,5.550000190734863,5.420000076293945,5.550000190734863,5.519999980926514,171600,5.519999980926514
2018-07-26,5.590000152587891,5.429999828338623,5.449999809265137,5.579999923706055,205500,5.579999923706055
2018-07-27,5.539999961853027,5.239999771118164,5.539999961853027,5.269999980926514,162900,5.269999980926514
2018-07-30,5.389999866485596,5.150000095367432,5.260000228881836,5.340000152587891,218400,5.340000152587891
2018-07-31,5.440000057220459,5.239999771118164,5.360000133514404,5.340000152587891,144000,5.340000152587891
2018-08-01,5.550000190734863,4.909999847412109,5.46999979019165,5.360000133514404,472400,5.360000133514404
2018-08-02,5.559999942779541,5.300000190734863,5.309999942779541,5.559999942779541,243600,5.559999942779541
2018-08-03,5.699999809265137,5.449999809265137,5.559999942779541,5.610000133514404,337000,5.610000133514404
2018-08-06,5.730000019073486,5.590000152587891,5.630000114440918,5.71999979019165,220200,5.71999979019165
2018-08-07,5.730000019073486,5.639999866485596,5.730000019073486,5.650000095367432,114200,5.650000095367432
2018-08-08,5.690000057220459,5.619999885559082,5.650000095367432,5.670000076293945,299800,5.670000076293945
2018-08-09,5.670000076293945,5.579999923706055,5.659999847412109,5.599999904632568,363300,5.599999904632568
2018-08-10,5.599999904632568,5.510000228881836,5.559999942779541,5.519999980926514,138700,5.519999980926514
2018-08-13,5.570000171661377,5.389999866485596,5.460000038146973,5.510000228881836,140700,5.510000228881836
2018-08-14,5.570000171661377,5.449999809265137,5.5,5.460000038146973,123900,5.460000038146973
2018-08-15,5.489999771118164,5.369999885559082,5.449999809265137,5.449999809265137,84200,5.449999809265137
2018-08-16,5.570000171661377,5.380000114440918,5.429999828338623,5.559999942779541,116600,5.559999942779541
2018-08-17,5.599999904632568,5.420000076293945,5.539999961853027,5.559999942779541,96600,5.559999942779541
2018-08-20,5.579999923706055,5.46999979019165,5.570000171661377,5.489999771118164,82000,5.489999771118164
2018-08-21,5.639999866485596,5.489999771118164,5.519999980926514,5.539999961853027,130600,5.539999961853027
2018-08-22,5.599999904632568,5.460000038146973,5.53000020980835,5.5,80400,5.5
2018-08-23,5.539999961853027,5.449999809265137,5.480000019073486,5.460000038146973,51500,5.460000038146973
2018-08-24,5.5,5.429999828338623,5.449999809265137,5.480000019073486,88200,5.480000019073486
2018-08-27,5.519999980926514,5.440000057220459,5.5,5.46999979019165,115100,5.46999979019165
2018-08-28,5.5,5.420000076293945,5.460000038146973,5.429999828338623,88300,5.429999828338623
2018-08-29,5.480000019073486,5.400000095367432,5.429999828338623,5.449999809265137,104900,5.449999809265137
2018-08-30,5.519999980926514,5.420000076293945,5.449999809265137,5.489999771118164,147800,5.489999771118164
2018-08-31,5.619999885559082,5.460000038146973,5.460000038146973,5.550000190734863,114000,5.550000190734863
2018-09-04,5.539999961853027,5.409999847412109,5.53000020980835,5.53000020980835,123500,5.53000020980835
2018-09-05,5.53000020980835,5.400000095367432,5.519999980926514,5.510000228881836,100800,5.510000228881836
2018-09-06,5.559999942779541,5.489999771118164,5.5,5.539999961853027,80200,5.539999961853027
2018-09-07,5.610000133514404,5.510000228881836,5.519999980926514,5.599999904632568,132400,5.599999904632568
2018-09-10,5.670000076293945,5.550000190734863,5.599999904632568,5.670000076293945,219000,5.670000076293945
2018-09-11,5.800000190734863,5.550000190734863,5.670000076293945,5.769999980926514,173500,5.769999980926514
2018-09-12,5.78000020980835,5.670000076293945,5.78000020980835,5.71999979019165,159300,5.71999979019165
2018-09-13,5.840000152587891,5.670000076293945,5.730000019073486,5.840000152587891,274600,5.840000152587891
2018-09-14,5.929999828338623,5.800000190734863,5.829999923706055,5.880000114440918,214600,5.880000114440918
2018-09-17,5.929999828338623,5.840000152587891,5.880000114440918,5.869999885559082,208100,5.869999885559082
2018-09-18,5.909999847412109,5.809999942779541,5.880000114440918,5.809999942779541,168600,5.809999942779541
2018-09-19,5.809999942779541,5.5,5.809999942779541,5.610000133514404,232100,5.610000133514404
2018-09-20,5.71999979019165,5.579999923706055,5.630000114440918,5.599999904632568,113800,5.599999904632568
2018-09-21,5.659999847412109,5.429999828338623,5.590000152587891,5.489999771118164,788100,5.489999771118164
2018-09-24,5.5,5.389999866485596,5.480000019073486,5.429999828338623,174100,5.429999828338623
2018-09-25,5.550000190734863,5.429999828338623,5.429999828338623,5.510000228881836,129900,5.510000228881836
2018-09-26,5.610000133514404,5.460000038146973,5.519999980926514,5.460000038146973,125500,5.460000038146973
2018-09-27,5.53000020980835,5.480000019073486,5.480000019073486,5.510000228881836,158100,5.510000228881836
2018-09-28,5.590000152587891,5.510000228881836,5.519999980926514,5.550000190734863,112500,5.550000190734863
2018-10-01,5.559999942779541,5.449999809265137,5.550000190734863,5.460000038146973,72600,5.460000038146973
2018-10-02,5.489999771118164,5.400000095367432,5.460000038146973,5.440000057220459,111500,5.440000057220459
2018-10-03,5.53000020980835,5.409999847412109,5.409999847412109,5.489999771118164,79000,5.489999771118164
2018-10-04,5.480000019073486,5.409999847412109,5.480000019073486,5.449999809265137,108500,5.449999809265137
2018-10-05,5.5,5.389999866485596,5.460000038146973,5.460000038146973,171100,5.460000038146973
2018-10-08,5.460000038146973,5.25,5.440000057220459,5.349999904632568,107100,5.349999904632568
2018-10-09,5.429999828338623,5.320000171661377,5.320000171661377,5.409999847412109,105800,5.409999847412109
2018-10-10,5.429999828338623,5.139999866485596,5.409999847412109,5.159999847412109,127900,5.159999847412109
2018-10-11,5.179999828338623,4.980000019073486,5.130000114440918,5.0,214000,5.0
2018-10-12,5.130000114440918,4.929999828338623,5.059999942779541,4.980000019073486,156600,4.980000019073486
2018-10-15,4.96999979019165,4.659999847412109,4.96999979019165,4.800000190734863,295000,4.800000190734863
2018-10-16,4.949999809265137,4.78000020980835,4.78000020980835,4.920000076293945,227600,4.920000076293945
2018-10-17,4.949999809265137,4.820000171661377,4.880000114440918,4.920000076293945,174400,4.920000076293945
2018-10-18,4.940000057220459,4.78000020980835,4.889999866485596,4.829999923706055,157100,4.829999923706055
2018-10-19,4.849999904632568,4.679999828338623,4.800000190734863,4.829999923706055,480600,4.829999923706055
2018-10-22,4.940000057220459,4.800000190734863,4.849999904632568,4.900000095367432,130600,4.900000095367432
2018-10-23,5.079999923706055,4.75,4.840000152587891,5.059999942779541,172500,5.059999942779541
2018-10-24,6.199999809265137,5.570000171661377,5.849999904632568,5.670000076293945,1409900,5.670000076293945
2018-10-25,6.570000171661377,5.730000019073486,5.739999771118164,6.53000020980835,1309500,6.53000020980835
2018-10-26,6.980000019073486,6.460000038146973,6.489999771118164,6.860000133514404,1512700,6.860000133514404
2018-10-29,7.090000152587891,6.190000057220459,6.940000057220459,6.309999942779541,1113600,6.309999942779541
2018-10-30,6.789999961853027,6.269999980926514,6.28000020980835,6.679999828338623,509500,6.679999828338623
2018-10-31,6.880000114440918,6.630000114440918,6.75,6.739999771118164,413700,6.739999771118164
2018-11-01,6.789999961853027,6.400000095367432,6.789999961853027,6.510000228881836,278800,6.510000228881836
2018-11-02,6.679999828338623,6.309999942779541,6.539999961853027,6.539999961853027,231700,6.539999961853027
2018-11-05,6.559999942779541,6.230000019073486,6.53000020980835,6.320000171661377,293000,6.320000171661377
2018-11-06,6.610000133514404,6.340000152587891,6.340000152587891,6.579999923706055,215000,6.579999923706055
2018-11-07,6.760000228881836,6.559999942779541,6.610000133514404,6.670000076293945,326700,6.670000076293945
2018-11-08,6.760000228881836,6.570000171661377,6.679999828338623,6.739999771118164,205100,6.739999771118164
2018-11-09,6.75,6.639999866485596,6.71999979019165,6.670000076293945,236400,6.670000076293945
2018-11-12,6.699999809265137,6.460000038146973,6.690000057220459,6.630000114440918,309800,6.630000114440918
2018-11-13,6.650000095367432,6.349999904632568,6.630000114440918,6.369999885559082,178000,6.369999885559082
2018-11-14,6.800000190734863,6.409999847412109,6.420000076293945,6.710000038146973,529500,6.710000038146973
2018-11-15,6.690000057220459,6.380000114440918,6.690000057220459,6.510000228881836,424800,6.510000228881836
2018-11-16,6.559999942779541,6.300000190734863,6.449999809265137,6.559999942779541,331100,6.559999942779541
2018-11-19,6.559999942779541,6.369999885559082,6.539999961853027,6.449999809265137,200400,6.449999809265137
2018-11-20,6.460000038146973,6.300000190734863,6.369999885559082,6.300000190734863,212100,6.300000190734863
2018-11-21,6.420000076293945,6.190000057220459,6.349999904632568,6.309999942779541,145100,6.309999942779541
2018-11-23,6.480000019073486,6.239999771118164,6.239999771118164,6.329999923706055,78400,6.329999923706055
2018-11-26,6.400000095367432,6.230000019073486,6.309999942779541,6.329999923706055,181100,6.329999923706055
2018-11-27,6.300000190734863,6.210000038146973,6.269999980926514,6.21999979019165,127000,6.21999979019165
2018-11-28,6.650000095367432,6.230000019073486,6.239999771118164,6.559999942779541,247300,6.559999942779541
2018-11-29,6.960000038146973,6.610000133514404,6.659999847412109,6.800000190734863,268100,6.800000190734863
2018-11-30,6.920000076293945,6.650000095367432,6.809999942779541,6.659999847412109,230700,6.659999847412109
2018-12-03,6.699999809265137,6.380000114440918,6.699999809265137,6.429999828338623,216400,6.429999828338623
2018-12-04,6.480000019073486,6.21999979019165,6.409999847412109,6.260000228881836,207500,6.260000228881836
2018-12-06,6.28000020980835,6.110000133514404,6.179999828338623,6.190000057220459,268000,6.190000057220459
2018-12-07,6.440000057220459,6.190000057220459,6.199999809265137,6.239999771118164,291900,6.239999771118164
2018-12-10,6.300000190734863,6.130000114440918,6.199999809265137,6.210000038146973,124400,6.210000038146973
2018-12-11,6.349999904632568,6.039999961853027,6.25,6.099999904632568,186800,6.099999904632568
2018-12-12,6.400000095367432,6.130000114440918,6.170000076293945,6.360000133514404,453100,6.360000133514404
2018-12-13,6.489999771118164,6.25,6.400000095367432,6.28000020980835,201900,6.28000020980835
2018-12-14,6.340000152587891,6.170000076293945,6.25,6.25,243200,6.25
2018-12-17,6.269999980926514,5.880000114440918,6.199999809265137,5.900000095367432,344200,5.900000095367432
2018-12-18,6.090000152587891,5.849999904632568,5.940000057220459,5.869999885559082,289700,5.869999885559082
2018-12-19,5.980000019073486,5.710000038146973,5.900000095367432,5.789999961853027,237600,5.789999961853027
2018-12-20,5.860000133514404,5.519999980926514,5.800000190734863,5.630000114440918,218300,5.630000114440918
2018-12-21,5.690000057220459,5.389999866485596,5.630000114440918,5.519999980926514,811000,5.519999980926514
2018-12-24,5.559999942779541,5.400000095367432,5.489999771118164,5.400000095367432,144500,5.400000095367432
2018-12-26,5.539999961853027,5.289999961853027,5.400000095367432,5.429999828338623,505400,5.429999828338623
2018-12-27,5.5,5.25,5.400000095367432,5.360000133514404,389100,5.360000133514404
2018-12-28,5.71999979019165,5.349999904632568,5.389999866485596,5.599999904632568,403200,5.599999904632568
2018-12-31,5.829999923706055,5.650000095367432,5.650000095367432,5.730000019073486,247800,5.730000019073486
2019-01-02,5.900000095367432,5.659999847412109,5.71999979019165,5.840000152587891,356700,5.840000152587891
2019-01-03,6.010000228881836,5.769999980926514,5.820000171661377,5.889999866485596,216400,5.889999866485596
2019-01-04,6.039999961853027,5.920000076293945,5.960000038146973,5.960000038146973,202800,5.960000038146973
2019-01-07,6.079999923706055,6.0,6.050000190734863,6.019999980926514,307400,6.019999980926514
2019-01-08,6.369999885559082,6.050000190734863,6.079999923706055,6.340000152587891,297600,6.340000152587891
2019-01-09,6.400000095367432,6.139999866485596,6.349999904632568,6.199999809265137,120200,6.199999809265137
2019-01-10,6.28000020980835,6.079999923706055,6.179999828338623,6.139999866485596,197300,6.139999866485596
2019-01-11,6.21999979019165,6.070000171661377,6.099999904632568,6.130000114440918,139300,6.130000114440918
2019-01-14,6.110000133514404,5.960000038146973,6.110000133514404,5.96999979019165,154500,5.96999979019165
2019-01-15,6.269999980926514,5.340000152587891,5.900000095367432,5.889999866485596,407900,5.889999866485596
2019-01-16,6.130000114440918,5.860000133514404,5.940000057220459,6.090000152587891,297000,6.090000152587891
2019-01-17,6.230000019073486,5.989999771118164,6.0,6.159999847412109,566400,6.159999847412109
2019-01-18,6.489999771118164,6.170000076293945,6.230000019073486,6.190000057220459,439000,6.190000057220459
2019-01-22,6.349999904632568,6.199999809265137,6.349999904632568,6.25,371000,6.25
2019-01-23,6.380000114440918,6.260000228881836,6.28000020980835,6.349999904632568,300100,6.349999904632568
2019-01-24,6.789999961853027,6.329999923706055,6.329999923706055,6.71999979019165,319000,6.71999979019165
2019-01-25,6.840000152587891,6.599999904632568,6.730000019073486,6.789999961853027,320100,6.789999961853027
2019-01-28,7.0,6.730000019073486,6.760000228881836,6.929999828338623,384200,6.929999828338623
2019-01-29,7.329999923706055,6.849999904632568,6.909999847412109,7.159999847412109,945900,7.159999847412109
2019-01-30,7.670000076293945,7.21999979019165,7.21999979019165,7.329999923706055,900200,7.329999923706055
2019-01-31,7.480000019073486,7.010000228881836,7.360000133514404,7.119999885559082,622700,7.119999885559082
2019-02-01,7.199999809265137,7.070000171661377,7.139999866485596,7.099999904632568,318300,7.099999904632568
2019-02-04,7.559999942779541,7.130000114440918,7.139999866485596,7.53000020980835,453400,7.53000020980835
2019-02-05,7.829999923706055,7.510000228881836,7.739999771118164,7.599999904632568,489800,7.599999904632568
2019-02-06,7.829999923706055,7.579999923706055,7.639999866485596,7.769999980926514,447100,7.769999980926514
2019-02-07,7.829999923706055,7.480000019073486,7.78000020980835,7.679999828338623,382200,7.679999828338623
2019-02-08,8.3100004196167,7.610000133514404,7.710000038146973,8.289999961853027,1410700,8.289999961853027
2019-02-11,8.5,8.119999885559082,8.5,8.3100004196167,878900,8.3100004196167
2019-02-12,8.600000381469727,8.100000381469727,8.430000305175781,8.220000267028809,785500,8.220000267028809
2019-02-13,8.34000015258789,8.199999809265137,8.300000190734863,8.25,406500,8.25
2019-02-14,8.350000381469727,8.229999542236328,8.329999923706055,8.3100004196167,296400,8.3100004196167
2019-02-15,8.449999809265137,8.229999542236328,8.300000190734863,8.300000190734863,381600,8.300000190734863
2019-02-19,8.5600004196167,8.300000190734863,8.34000015258789,8.470000267028809,765400,8.470000267028809
2019-02-20,8.640000343322754,8.359999656677246,8.510000228881836,8.420000076293945,405000,8.420000076293945
2019-02-21,8.6899995803833,8.40999984741211,8.40999984741211,8.600000381469727,414400,8.600000381469727
2019-02-22,8.979999542236328,8.569999694824219,8.59000015258789,8.859999656677246,604300,8.859999656677246
2019-02-25,8.949999809265137,8.640000343322754,8.920000076293945,8.670000076293945,484800,8.670000076293945
2019-02-26,8.680000305175781,8.479999542236328,8.670000076293945,8.529999732971191,635900,8.529999732971191
2019-02-27,8.720000267028809,8.460000038146973,8.539999961853027,8.710000038146973,460300,8.710000038146973
2019-02-28,9.069999694824219,8.699999809265137,8.75,9.029999732971191,735400,9.029999732971191
2019-03-01,8.8100004196167,7.329999923706055,8.75,7.539999961853027,1792500,7.539999961853027
2019-03-04,7.900000095367432,6.980000019073486,7.559999942779541,7.300000190734863,1165700,7.300000190734863
2019-03-05,7.380000114440918,7.159999847412109,7.329999923706055,7.309999942779541,996600,7.309999942779541
2019-03-06,7.380000114440918,7.110000133514404,7.349999904632568,7.170000076293945,508100,7.170000076293945
2019-03-07,7.28000020980835,7.059999942779541,7.139999866485596,7.150000095367432,443300,7.150000095367432
2019-03-08,7.230000019073486,7.03000020980835,7.110000133514404,7.150000095367432,431800,7.150000095367432
2019-03-11,7.349999904632568,7.03000020980835,7.199999809265137,7.179999828338623,681900,7.179999828338623
2019-03-12,7.21999979019165,6.96999979019165,7.21999979019165,7.0,719700,7.0
2019-03-13,7.099999904632568,6.909999847412109,6.989999771118164,7.039999961853027,414500,7.039999961853027
2019-03-14,7.099999904632568,6.929999828338623,7.039999961853027,6.949999809265137,274500,6.949999809265137
2019-03-15,7.0,6.800000190734863,6.96999979019165,6.960000038146973,1103900,6.960000038146973
2019-03-18,6.989999771118164,6.849999904632568,6.949999809265137,6.889999866485596,346400,6.889999866485596
2019-03-19,7.050000190734863,6.699999809265137,6.949999809265137,6.739999771118164,529100,6.739999771118164
2019-03-20,6.849999904632568,6.650000095367432,6.699999809265137,6.710000038146973,625700,6.710000038146973
2019-03-21,6.909999847412109,6.699999809265137,6.699999809265137,6.900000095367432,341800,6.900000095367432
2019-03-22,6.900000095367432,6.599999904632568,6.860000133514404,6.659999847412109,416800,6.659999847412109
2019-03-25,6.760000228881836,6.53000020980835,6.650000095367432,6.710000038146973,294600,6.710000038146973
2019-03-26,6.820000171661377,6.659999847412109,6.760000228881836,6.739999771118164,504900,6.739999771118164
2019-03-27,6.760000228881836,6.570000171661377,6.710000038146973,6.659999847412109,293100,6.659999847412109
2019-03-28,6.760000228881836,6.630000114440918,6.670000076293945,6.639999866485596,222400,6.639999866485596
2019-03-29,6.920000076293945,6.619999885559082,6.710000038146973,6.880000114440918,528500,6.880000114440918
2019-04-01,7.019999980926514,6.760000228881836,6.960000038146973,6.789999961853027,548700,6.789999961853027
2019-04-02,6.860000133514404,6.659999847412109,6.800000190734863,6.800000190734863,252400,6.800000190734863
2019-04-03,6.929999828338623,6.789999961853027,6.820000171661377,6.889999866485596,1061100,6.889999866485596
2019-04-04,6.929999828338623,6.75,6.860000133514404,6.809999942779541,302300,6.809999942779541
2019-04-05,7.079999923706055,6.789999961853027,6.840000152587891,6.849999904632568,639500,6.849999904632568
2019-04-08,7.190000057220459,6.880000114440918,7.079999923706055,7.110000133514404,1419100,7.110000133514404
2019-04-09,7.289999961853027,7.139999866485596,7.170000076293945,7.25,571800,7.25
2019-04-10,7.409999847412109,7.269999980926514,7.289999961853027,7.340000152587891,1215700,7.340000152587891
2019-04-11,7.449999809265137,7.239999771118164,7.380000114440918,7.440000057220459,357700,7.440000057220459
2019-04-12,7.789999961853027,7.460000038146973,7.46999979019165,7.579999923706055,759800,7.579999923706055
2019-04-15,7.670000076293945,7.409999847412109,7.610000133514404,7.53000020980835,1127800,7.53000020980835
2019-04-16,7.78000020980835,7.449999809265137,7.510000228881836,7.730000019073486,965100,7.730000019073486
2019-04-17,7.880000114440918,7.570000171661377,7.869999885559082,7.789999961853027,900500,7.789999961853027
2019-04-18,7.860000133514404,7.460000038146973,7.769999980926514,7.46999979019165,689900,7.46999979019165
2019-04-22,7.5,7.139999866485596,7.46999979019165,7.360000133514404,522600,7.360000133514404
2019-04-23,7.489999771118164,7.300000190734863,7.389999866485596,7.329999923706055,535600,7.329999923706055
2019-04-24,7.420000076293945,7.21999979019165,7.369999885559082,7.269999980926514,1196700,7.269999980926514
2019-04-25,7.610000133514404,7.230000019073486,7.289999961853027,7.599999904632568,687600,7.599999904632568
2019-04-26,7.710000038146973,7.440000057220459,7.599999904632568,7.619999885559082,1423900,7.619999885559082
2019-04-29,8.149999618530273,7.630000114440918,7.659999847412109,7.920000076293945,827600,7.920000076293945
2019-04-30,8.350000381469727,8.069999694824219,8.09000015258789,8.149999618530273,1545600,8.149999618530273
2019-05-01,8.380000114440918,8.09000015258789,8.289999961853027,8.289999961853027,988100,8.289999961853027
2019-05-02,8.369999885559082,8.079999923706055,8.289999961853027,8.229999542236328,1332300,8.229999542236328
2019-05-03,11.149999618530273,9.600000381469727,10.069999694824219,11.079999923706055,7906700,11.079999923706055
2019-05-06,11.050000190734863,10.350000381469727,10.800000190734863,10.449999809265137,3012000,10.449999809265137
2019-05-07,10.729999542236328,10.069999694824219,10.399999618530273,10.270000457763672,1707400,10.270000457763672
2019-05-08,10.460000038146973,9.899999618530273,10.229999542236328,10.420000076293945,1892400,10.420000076293945
2019-05-09,10.819999694824219,10.229999542236328,10.289999961853027,10.609999656677246,1137300,10.609999656677246
2019-05-10,10.630000114440918,10.239999771118164,10.619999885559082,10.489999771118164,1082800,10.489999771118164
2019-05-13,10.199999809265137,9.5,10.199999809265137,9.609999656677246,1439100,9.609999656677246
2019-05-14,9.779999732971191,9.449999809265137,9.670000076293945,9.539999961853027,1025300,9.539999961853027
2019-05-15,9.6899995803833,9.279999732971191,9.4399995803833,9.319999694824219,962800,9.319999694824219
2019-05-16,9.5,9.229999542236328,9.3100004196167,9.25,1822000,9.25
2019-05-17,9.270000457763672,8.729999542236328,9.130000114440918,8.970000267028809,1326400,8.970000267028809
2019-05-20,9.380000114440918,8.760000228881836,8.859999656677246,9.210000038146973,1404000,9.210000038146973
2019-05-21,9.4399995803833,9.220000267028809,9.270000457763672,9.279999732971191,1367500,9.279999732971191
2019-05-22,9.4399995803833,9.210000038146973,9.25,9.270000457763672,1410700,9.270000457763672
2019-05-23,9.449999809265137,9.15999984741211,9.359999656677246,9.25,875200,9.25
2019-05-24,9.520000457763672,9.199999809265137,9.25,9.4399995803833,774100,9.4399995803833
2019-05-28,9.75,9.350000381469727,9.350000381469727,9.569999694824219,755300,9.569999694824219
2019-05-29,9.569999694824219,9.34000015258789,9.510000228881836,9.359999656677246,576000,9.359999656677246
2019-05-30,9.449999809265137,9.029999732971191,9.399999618530273,9.199999809265137,686000,9.199999809265137
2019-05-31,9.100000381469727,8.899999618530273,9.100000381469727,8.960000038146973,537200,8.960000038146973
2019-06-03,9.039999961853027,8.670000076293945,8.920000076293945,8.739999771118164,615100,8.739999771118164
2019-06-04,8.9399995803833,8.600000381469727,8.770000457763672,8.829999923706055,520100,8.829999923706055
2019-06-05,9.010000228881836,8.720000267028809,8.890000343322754,8.930000305175781,631000,8.930000305175781
2019-06-06,8.890000343322754,8.619999885559082,8.890000343322754,8.670000076293945,467500,8.670000076293945
2019-06-07,8.800000190734863,8.510000228881836,8.699999809265137,8.609999656677246,438400,8.609999656677246
2019-06-10,8.920000076293945,8.649999618530273,8.649999618530273,8.6899995803833,541100,8.6899995803833
2019-06-11,8.770000457763672,8.460000038146973,8.65999984741211,8.569999694824219,644600,8.569999694824219
2019-06-12,9.170000076293945,8.550000190734863,8.569999694824219,9.100000381469727,996500,9.100000381469727
2019-06-13,9.40999984741211,9.069999694824219,9.119999885559082,9.390000343322754,939300,9.390000343322754
2019-06-14,9.470000267028809,9.3100004196167,9.390000343322754,9.380000114440918,494600,9.380000114440918
2019-06-17,9.9399995803833,9.34000015258789,9.359999656677246,9.609999656677246,1075900,9.609999656677246
2019-06-18,9.84000015258789,9.609999656677246,9.65999984741211,9.699999809265137,694200,9.699999809265137
2019-06-19,10.079999923706055,9.739999771118164,9.739999771118164,10.029999732971191,572900,10.029999732971191
2019-06-20,10.350000381469727,9.890000343322754,10.15999984741211,9.989999771118164,753400,9.989999771118164
2019-06-21,9.970000267028809,9.520000457763672,9.9399995803833,9.600000381469727,1357600,9.600000381469727
2019-06-24,9.800000190734863,9.4399995803833,9.720000267028809,9.5600004196167,419400,9.5600004196167
2019-06-25,9.529999732971191,9.1899995803833,9.520000457763672,9.239999771118164,603000,9.239999771118164
2019-06-26,9.399999618530273,8.899999618530273,9.270000457763672,8.930000305175781,416200,8.930000305175781
2019-06-27,9.109999656677246,8.770000457763672,8.979999542236328,8.869999885559082,581900,8.869999885559082
2019-06-28,9.1899995803833,8.850000381469727,8.9399995803833,9.09000015258789,1211800,9.09000015258789
2019-07-01,9.609999656677246,9.239999771118164,9.239999771118164,9.420000076293945,971200,9.420000076293945
2019-07-02,9.5600004196167,9.34000015258789,9.420000076293945,9.550000190734863,567300,9.550000190734863
2019-07-03,9.739999771118164,9.510000228881836,9.59000015258789,9.640000343322754,264800,9.640000343322754
2019-07-05,9.880000114440918,9.5,9.739999771118164,9.699999809265137,526200,9.699999809265137
2019-07-08,10.199999809265137,9.579999923706055,9.649999618530273,10.180000305175781,893100,10.180000305175781
2019-07-09,10.289999961853027,9.829999923706055,10.199999809265137,10.079999923706055,605100,10.079999923706055
2019-07-10,10.270000457763672,9.819999694824219,10.09000015258789,9.989999771118164,821900,9.989999771118164
2019-07-11,10.390000343322754,9.75,10.170000076293945,10.380000114440918,1230800,10.380000114440918
2019-07-12,10.510000228881836,10.020000457763672,10.319999694824219,10.079999923706055,1031500,10.079999923706055
2019-07-15,10.239999771118164,9.850000381469727,10.119999885559082,9.949999809265137,451500,9.949999809265137
2019-07-16,9.960000038146973,9.649999618530273,9.90999984741211,9.680000305175781,476700,9.680000305175781
2019-07-17,9.739999771118164,9.600000381469727,9.720000267028809,9.630000114440918,532000,9.630000114440918
2019-07-18,9.619999885559082,8.9399995803833,9.600000381469727,9.369999885559082,1101900,9.369999885559082
2019-07-19,9.550000190734863,9.199999809265137,9.449999809265137,9.210000038146973,646300,9.210000038146973
2019-07-22,9.319999694824219,8.800000190734863,9.220000267028809,8.829999923706055,849000,8.829999923706055
2019-07-23,8.9399995803833,8.520000457763672,8.850000381469727,8.90999984741211,770300,8.90999984741211
2019-07-24,9.0600004196167,8.670000076293945,8.880000114440918,8.970000267028809,542800,8.970000267028809
2019-07-25,9.079999923706055,8.640000343322754,8.970000267028809,8.6899995803833,519600,8.6899995803833
2019-07-26,8.930000305175781,8.699999809265137,8.760000228881836,8.920000076293945,654200,8.920000076293945
2019-07-29,9.069999694824219,8.539999961853027,8.920000076293945,8.770000457763672,952500,8.770000457763672
2019-07-30,8.949999809265137,8.640000343322754,8.680000305175781,8.800000190734863,639500,8.800000190734863
2019-07-31,9.15999984741211,8.789999961853027,8.84000015258789,9.109999656677246,940700,9.109999656677246
2019-08-01,9.59000015258789,9.069999694824219,9.09000015258789,9.329999923706055,1478200,9.329999923706055
2019-08-02,10.15999984741211,8.119999885559082,9.890000343322754,9.149999618530273,2016700,9.149999618530273
2019-08-05,8.949999809265137,8.149999618530273,8.899999618530273,8.350000381469727,1158500,8.350000381469727
2019-08-06,8.729999542236328,7.949999809265137,8.649999618530273,8.100000381469727,1288700,8.100000381469727
2019-08-07,8.569999694824219,7.96999979019165,8.0,8.279999732971191,842100,8.279999732971191
2019-08-08,8.430000305175781,8.100000381469727,8.34000015258789,8.380000114440918,599900,8.380000114440918
2019-08-09,8.399999618530273,8.029999732971191,8.34000015258789,8.109999656677246,537600,8.109999656677246
2019-08-12,8.279999732971191,7.96999979019165,8.140000343322754,8.039999961853027,893200,8.039999961853027
2019-08-13,8.270000457763672,7.960000038146973,8.0,8.109999656677246,701400,8.109999656677246
2019-08-14,8.069999694824219,7.710000038146973,8.069999694824219,7.929999828338623,795500,7.929999828338623
2019-08-15,7.929999828338623,7.670000076293945,7.889999866485596,7.710000038146973,382000,7.710000038146973
2019-08-16,7.820000171661377,7.630000114440918,7.730000019073486,7.739999771118164,329700,7.739999771118164
2019-08-19,7.900000095367432,7.679999828338623,7.809999942779541,7.679999828338623,457700,7.679999828338623
2019-08-20,7.690000057220459,7.519999980926514,7.659999847412109,7.570000171661377,638400,7.570000171661377
2019-08-21,7.849999904632568,7.369999885559082,7.599999904632568,7.820000171661377,764200,7.820000171661377
2019-08-22,7.989999771118164,7.630000114440918,7.920000076293945,7.71999979019165,369600,7.71999979019165
2019-08-23,7.760000228881836,7.480000019073486,7.679999828338623,7.510000228881836,464600,7.510000228881836
2019-08-26,7.579999923706055,7.420000076293945,7.559999942779541,7.5,240500,7.5
2019-08-27,7.559999942779541,7.21999979019165,7.550000190734863,7.289999961853027,507500,7.289999961853027
2019-08-28,7.320000171661377,7.019999980926514,7.21999979019165,7.050000190734863,801900,7.050000190734863
2019-08-29,7.440000057220459,7.099999904632568,7.099999904632568,7.309999942779541,540100,7.309999942779541
2019-08-30,7.519999980926514,7.179999828338623,7.340000152587891,7.349999904632568,1142100,7.349999904632568
2019-09-03,7.550000190734863,7.28000020980835,7.349999904632568,7.400000095367432,489900,7.400000095367432
2019-09-04,7.510000228881836,7.170000076293945,7.449999809265137,7.449999809265137,474300,7.449999809265137
2019-09-05,7.579999923706055,7.269999980926514,7.480000019073486,7.559999942779541,497400,7.559999942779541
2019-09-06,7.71999979019165,7.409999847412109,7.570000171661377,7.429999828338623,544900,7.429999828338623
2019-09-09,7.489999771118164,7.119999885559082,7.449999809265137,7.449999809265137,765200,7.449999809265137
2019-09-10,7.369999885559082,7.179999828338623,7.360000133514404,7.28000020980835,616100,7.28000020980835
2019-09-11,7.670000076293945,7.269999980926514,7.269999980926514,7.659999847412109,608100,7.659999847412109
2019-09-12,7.940000057220459,7.610000133514404,7.659999847412109,7.929999828338623,670000,7.929999828338623
2019-09-13,8.079999923706055,7.820000171661377,7.949999809265137,7.860000133514404,666700,7.860000133514404
2019-09-16,8.029999732971191,7.769999980926514,7.880000114440918,7.909999847412109,397400,7.909999847412109
2019-09-17,8.010000228881836,7.630000114440918,7.909999847412109,7.690000057220459,518900,7.690000057220459
2019-09-18,7.789999961853027,7.46999979019165,7.789999961853027,7.699999809265137,962100,7.699999809265137
2019-09-19,7.880000114440918,7.670000076293945,7.760000228881836,7.869999885559082,540200,7.869999885559082
2019-09-20,8.039999961853027,7.78000020980835,7.849999904632568,7.900000095367432,852200,7.900000095367432
2019-09-23,7.860000133514404,7.420000076293945,7.840000152587891,7.679999828338623,906200,7.679999828338623
2019-09-24,7.71999979019165,7.340000152587891,7.690000057220459,7.449999809265137,662000,7.449999809265137
2019-09-25,7.460000038146973,7.110000133514404,7.420000076293945,7.360000133514404,496100,7.360000133514404
2019-09-26,7.460000038146973,7.150000095367432,7.360000133514404,7.429999828338623,581000,7.429999828338623
2019-09-27,7.460000038146973,7.150000095367432,7.409999847412109,7.170000076293945,552700,7.170000076293945
2019-09-30,7.28000020980835,6.909999847412109,7.230000019073486,7.239999771118164,1048900,7.239999771118164
2019-10-01,7.389999866485596,7.0,7.300000190734863,7.150000095367432,410800,7.150000095367432
2019-10-02,7.119999885559082,6.800000190734863,7.070000171661377,6.860000133514404,442600,6.860000133514404
2019-10-03,7.0,6.670000076293945,6.829999923706055,7.0,492800,7.0
2019-10-04,7.159999847412109,6.96999979019165,7.03000020980835,7.159999847412109,322100,7.159999847412109
2019-10-07,7.25,7.070000171661377,7.170000076293945,7.190000057220459,387900,7.190000057220459
2019-10-08,7.199999809265137,6.920000076293945,7.110000133514404,6.980000019073486,412600,6.980000019073486
2019-10-09,7.059999942779541,6.809999942779541,7.059999942779541,6.849999904632568,403000,6.849999904632568
2019-10-10,6.929999828338623,6.739999771118164,6.849999904632568,6.829999923706055,442200,6.829999923706055
2019-10-11,7.130000114440918,6.909999847412109,6.909999847412109,7.050000190734863,550700,7.050000190734863
2019-10-14,7.039999961853027,6.71999979019165,7.0,6.75,437800,6.75
2019-10-15,6.869999885559082,6.659999847412109,6.769999980926514,6.869999885559082,401300,6.869999885559082
2019-10-16,6.900000095367432,6.539999961853027,6.900000095367432,6.650000095367432,783400,6.650000095367432
2019-10-17,6.75,6.590000152587891,6.659999847412109,6.650000095367432,439500,6.650000095367432
2019-10-18,6.610000133514404,6.320000171661377,6.599999904632568,6.409999847412109,781500,6.409999847412109
2019-10-21,6.5,6.28000020980835,6.440000057220459,6.449999809265137,388900,6.449999809265137
2019-10-22,6.519999980926514,6.25,6.420000076293945,6.340000152587891,738000,6.340000152587891
2019-10-23,6.570000171661377,6.28000020980835,6.320000171661377,6.369999885559082,883400,6.369999885559082
2019-10-24,6.710000038146973,6.369999885559082,6.440000057220459,6.710000038146973,458800,6.710000038146973
2019-10-25,6.659999847412109,6.519999980926514,6.639999866485596,6.53000020980835,374900,6.53000020980835
2019-10-28,6.840000152587891,6.579999923706055,6.579999923706055,6.809999942779541,570500,6.809999942779541
2019-10-29,7.039999961853027,6.710000038146973,6.730000019073486,7.0,665200,7.0
2019-10-30,7.110000133514404,6.809999942779541,7.0,7.099999904632568,738900,7.099999904632568
2019-10-31,7.239999771118164,6.380000114440918,7.099999904632568,6.610000133514404,3072800,6.610000133514404
2019-11-01,6.710000038146973,6.340000152587891,6.53000020980835,6.710000038146973,987900,6.710000038146973
2019-11-04,6.880000114440918,6.690000057220459,6.809999942779541,6.809999942779541,612400,6.809999942779541
2019-11-05,6.840000152587891,6.579999923706055,6.789999961853027,6.690000057220459,536800,6.690000057220459
2019-11-06,6.739999771118164,6.579999923706055,6.730000019073486,6.590000152587891,415100,6.590000152587891
2019-11-07,6.739999771118164,6.46999979019165,6.659999847412109,6.690000057220459,692400,6.690000057220459
2019-11-08,7.039999961853027,6.690000057220459,6.730000019073486,6.949999809265137,575300,6.949999809265137
2019-11-11,7.179999828338623,6.900000095367432,6.949999809265137,7.099999904632568,672400,7.099999904632568
2019-11-12,7.239999771118164,7.099999904632568,7.110000133514404,7.210000038146973,475200,7.210000038146973
2019-11-13,7.28000020980835,7.059999942779541,7.25,7.099999904632568,479900,7.099999904632568
2019-11-14,7.179999828338623,7.070000171661377,7.099999904632568,7.139999866485596,374400,7.139999866485596
2019-11-15,7.230000019073486,7.079999923706055,7.150000095367432,7.199999809265137,371800,7.199999809265137
2019-11-18,7.25,7.090000152587891,7.210000038146973,7.119999885559082,507800,7.119999885559082
2019-11-19,7.340000152587891,7.130000114440918,7.159999847412109,7.300000190734863,518200,7.300000190734863
2019-11-20,7.46999979019165,7.21999979019165,7.21999979019165,7.300000190734863,485500,7.300000190734863
2019-11-21,7.360000133514404,7.159999847412109,7.320000171661377,7.309999942779541,266700,7.309999942779541
2019-11-22,7.389999866485596,7.269999980926514,7.340000152587891,7.340000152587891,158300,7.340000152587891
2019-11-25,7.46999979019165,7.309999942779541,7.309999942779541,7.389999866485596,541700,7.389999866485596
2019-11-26,7.460000038146973,7.340000152587891,7.400000095367432,7.409999847412109,284700,7.409999847412109
2019-11-27,7.53000020980835,7.380000114440918,7.420000076293945,7.519999980926514,253700,7.519999980926514
2019-11-29,7.579999923706055,7.409999847412109,7.480000019073486,7.539999961853027,189500,7.539999961853027
2019-12-02,7.559999942779541,7.320000171661377,7.559999942779541,7.400000095367432,471200,7.400000095367432
2019-12-03,7.53000020980835,7.130000114440918,7.25,7.519999980926514,550500,7.519999980926514
2019-12-04,7.75,7.369999885559082,7.579999923706055,7.409999847412109,397600,7.409999847412109
2019-12-05,7.400000095367432,7.070000171661377,7.400000095367432,7.110000133514404,667100,7.110000133514404
2019-12-06,7.170000076293945,6.829999923706055,7.159999847412109,6.96999979019165,637400,6.96999979019165
2019-12-09,6.989999771118164,6.699999809265137,6.940000057220459,6.71999979019165,481200,6.71999979019165
2019-12-10,6.679999828338623,6.480000019073486,6.659999847412109,6.559999942779541,349700,6.559999942779541
2019-12-11,6.5,6.300000190734863,6.5,6.389999866485596,435600,6.389999866485596
2019-12-12,6.610000133514404,6.349999904632568,6.400000095367432,6.570000171661377,445600,6.570000171661377
2019-12-13,6.699999809265137,6.550000190734863,6.570000171661377,6.630000114440918,317300,6.630000114440918
2019-12-16,6.690000057220459,6.539999961853027,6.630000114440918,6.590000152587891,405600,6.590000152587891
2019-12-17,6.570000171661377,6.449999809265137,6.550000190734863,6.5,376300,6.5
2019-12-18,6.559999942779541,6.440000057220459,6.510000228881836,6.489999771118164,536000,6.489999771118164
2019-12-19,6.739999771118164,6.409999847412109,6.460000038146973,6.690000057220459,1075900,6.690000057220459
2019-12-20,6.789999961853027,6.650000095367432,6.71999979019165,6.760000228881836,1146000,6.760000228881836
2019-12-23,7.170000076293945,6.71999979019165,6.800000190734863,7.150000095367432,559400,7.150000095367432
2019-12-24,7.099999904632568,6.880000114440918,7.099999904632568,7.010000228881836,353600,7.010000228881836
2019-12-26,7.090000152587891,6.769999980926514,6.989999771118164,6.809999942779541,470300,6.809999942779541
2019-12-27,6.860000133514404,6.659999847412109,6.860000133514404,6.800000190734863,274900,6.800000190734863
2019-12-30,6.800000190734863,6.630000114440918,6.769999980926514,6.769999980926514,236500,6.769999980926514
2019-12-31,6.849999904632568,6.71999979019165,6.769999980926514,6.78000020980835,387500,6.78000020980835
2020-01-02,6.929999828338623,6.78000020980835,6.840000152587891,6.840000152587891,176300,6.840000152587891
2020-01-03,6.869999885559082,6.75,6.75,6.840000152587891,220800,6.840000152587891
2020-01-06,7.400000095367432,6.769999980926514,6.909999847412109,7.320000171661377,758400,7.320000171661377
2020-01-07,7.539999961853027,7.210000038146973,7.349999904632568,7.389999866485596,680100,7.389999866485596
2020-01-08,7.71999979019165,7.380000114440918,7.409999847412109,7.510000228881836,598700,7.510000228881836
2020-01-09,7.760000228881836,7.53000020980835,7.579999923706055,7.730000019073486,820100,7.730000019073486
2020-01-10,7.849999904632568,7.679999828338623,7.760000228881836,7.71999979019165,464000,7.71999979019165
2020-01-13,7.960000038146973,7.699999809265137,7.730000019073486,7.849999904632568,525200,7.849999904632568
2020-01-14,7.929999828338623,7.739999771118164,7.809999942779541,7.889999866485596,645000,7.889999866485596
2020-01-15,8.050000190734863,7.690000057220459,7.900000095367432,7.760000228881836,550900,7.760000228881836
2020-01-16,8.119999885559082,7.840000152587891,7.840000152587891,8.039999961853027,913300,8.039999961853027
2020-01-17,8.109999656677246,7.659999847412109,8.109999656677246,7.809999942779541,771800,7.809999942779541
2020-01-21,7.820000171661377,7.659999847412109,7.789999961853027,7.670000076293945,621600,7.670000076293945
2020-01-22,7.730000019073486,7.21999979019165,7.690000057220459,7.239999771118164,510400,7.239999771118164
2020-01-23,7.340000152587891,6.929999828338623,7.159999847412109,7.25,465400,7.25
2020-01-24,7.289999961853027,7.0,7.260000228881836,7.059999942779541,485500,7.059999942779541
2020-01-27,6.940000057220459,6.650000095367432,6.840000152587891,6.75,828300,6.75
2020-01-28,6.889999866485596,6.739999771118164,6.760000228881836,6.860000133514404,319500,6.860000133514404
2020-01-29,6.96999979019165,6.849999904632568,6.889999866485596,6.869999885559082,635200,6.869999885559082
2020-01-30,6.96999979019165,6.840000152587891,6.840000152587891,6.940000057220459,402100,6.940000057220459
2020-01-31,7.019999980926514,6.710000038146973,6.949999809265137,6.75,568000,6.75
2020-02-03,6.909999847412109,6.739999771118164,6.809999942779541,6.909999847412109,451100,6.909999847412109
2020-02-04,7.170000076293945,6.960000038146973,7.03000020980835,7.070000171661377,327700,7.070000171661377
2020-02-05,7.25,7.0,7.150000095367432,7.239999771118164,415100,7.239999771118164
2020-02-06,7.460000038146973,7.210000038146973,7.25,7.420000076293945,388400,7.420000076293945
2020-02-07,7.429999828338623,7.260000228881836,7.360000133514404,7.320000171661377,588500,7.320000171661377
2020-02-10,7.630000114440918,7.179999828338623,7.309999942779541,7.610000133514404,316100,7.610000133514404
2020-02-11,7.849999904632568,7.320000171661377,7.639999866485596,7.349999904632568,491700,7.349999904632568
2020-02-12,7.400000095367432,7.110000133514404,7.380000114440918,7.289999961853027,358600,7.289999961853027
2020-02-13,7.309999942779541,7.150000095367432,7.230000019073486,7.159999847412109,314500,7.159999847412109
2020-02-14,7.260000228881836,7.110000133514404,7.130000114440918,7.199999809265137,282100,7.199999809265137
2020-02-18,7.369999885559082,7.130000114440918,7.199999809265137,7.340000152587891,329300,7.340000152587891
2020-02-19,7.769999980926514,7.340000152587891,7.360000133514404,7.739999771118164,537100,7.739999771118164
2020-02-20,8.079999923706055,7.659999847412109,7.739999771118164,7.989999771118164,627500,7.989999771118164
2020-02-21,9.289999961853027,8.390000343322754,8.739999771118164,8.920000076293945,2399000,8.920000076293945
2020-02-24,9.239999771118164,8.5,8.520000457763672,9.050000190734863,1315600,9.050000190734863
2020-02-25,9.130000114440918,8.65999984741211,9.050000190734863,8.760000228881836,917400,8.760000228881836
2020-02-26,9.199999809265137,8.630000114440918,8.789999961853027,8.729999542236328,1253300,8.729999542236328
2020-02-27,8.510000228881836,8.0,8.430000305175781,8.0,1164900,8.0
2020-02-28,7.989999771118164,7.380000114440918,7.460000038146973,7.880000114440918,879700,7.880000114440918
2020-03-02,8.260000228881836,7.730000019073486,7.889999866485596,8.149999618530273,569700,8.149999618530273
2020-03-03,8.420000076293945,7.829999923706055,8.180000305175781,7.889999866485596,484600,7.889999866485596
2020-03-04,8.289999961853027,7.940000057220459,8.010000228881836,8.270000457763672,424700,8.270000457763672
2020-03-05,8.319999694824219,7.940000057220459,8.050000190734863,8.029999732971191,674600,8.029999732971191
2020-03-06,7.820000171661377,7.320000171661377,7.809999942779541,7.489999771118164,716900,7.489999771118164
2020-03-09,7.070000171661377,6.480000019073486,6.789999961853027,6.730000019073486,706600,6.730000019073486
2020-03-10,7.03000020980835,6.739999771118164,6.96999979019165,6.909999847412109,527200,6.909999847412109
2020-03-11,6.849999904632568,5.900000095367432,6.730000019073486,5.989999771118164,994700,5.989999771118164
2020-03-12,5.559999942779541,4.880000114440918,5.480000019073486,4.880000114440918,770000,4.880000114440918
2020-03-13,5.389999866485596,4.579999923706055,5.210000038146973,4.730000019073486,903100,4.730000019073486
2020-03-16,4.519999980926514,3.990000009536743,4.5,4.239999771118164,995800,4.239999771118164
2020-03-17,4.230000019073486,3.859999895095825,4.230000019073486,3.9200000762939453,1017900,3.9200000762939453
2020-03-18,3.8399999141693115,3.0199999809265137,3.799999952316284,3.0299999713897705,896400,3.0299999713897705
2020-03-19,3.440000057220459,2.8399999141693115,3.0299999713897705,3.319999933242798,1140000,3.319999933242798
2020-03-20,3.7300000190734863,3.309999942779541,3.380000114440918,3.549999952316284,1219100,3.549999952316284
2020-03-23,3.569999933242798,3.1500000953674316,3.569999933242798,3.2300000190734863,1243900,3.2300000190734863
2020-03-24,3.690000057220459,3.430000066757202,3.5,3.690000057220459,948800,3.690000057220459
2020-03-25,4.260000228881836,3.740000009536743,3.75,4.0,1533000,4.0
2020-03-26,4.53000020980835,3.880000114440918,4.059999942779541,4.510000228881836,1668500,4.510000228881836
2020-03-27,4.710000038146973,4.099999904632568,4.489999771118164,4.599999904632568,1146800,4.599999904632568
2020-03-30,4.869999885559082,4.440000057220459,4.829999923706055,4.639999866485596,1212000,4.639999866485596
2020-03-31,4.690000057220459,4.099999904632568,4.599999904632568,4.309999942779541,1057200,4.309999942779541
2020-04-01,4.159999847412109,3.799999952316284,4.110000133514404,3.819999933242798,539500,3.819999933242798
2020-04-02,4.090000152587891,3.5,3.8299999237060547,3.609999895095825,613300,3.609999895095825
2020-04-03,3.759999990463257,3.2799999713897705,3.5399999618530273,3.309999942779541,879900,3.309999942779541
2020-04-06,4.070000171661377,3.430000066757202,3.4700000286102295,4.010000228881836,1009100,4.010000228881836
2020-04-07,4.690000057220459,4.139999866485596,4.28000020980835,4.380000114440918,927300,4.380000114440918
2020-04-08,5.070000171661377,4.480000019073486,4.630000114440918,5.019999980926514,1977800,5.019999980926514
2020-04-09,5.75,4.880000114440918,5.429999828338623,5.059999942779541,1800200,5.059999942779541
2020-04-13,5.489999771118164,5.110000133514404,5.309999942779541,5.380000114440918,856400,5.380000114440918
2020-04-14,6.210000038146973,5.449999809265137,5.519999980926514,5.96999979019165,2414700,5.96999979019165
2020-04-15,6.380000114440918,5.849999904632568,5.889999866485596,5.980000019073486,2086500,5.980000019073486
2020-04-16,6.340000152587891,5.75,6.090000152587891,6.210000038146973,2822800,6.210000038146973
2020-04-17,7.050000190734863,6.28000020980835,6.53000020980835,6.349999904632568,3611800,6.349999904632568
2020-04-20,6.730000019073486,6.119999885559082,6.25,6.46999979019165,1149400,6.46999979019165
2020-04-21,6.400000095367432,5.349999904632568,6.400000095367432,5.53000020980835,2138100,5.53000020980835
2020-04-22,5.78000020980835,4.920000076293945,5.78000020980835,4.949999809265137,1797200,4.949999809265137
2020-04-23,5.440000057220459,4.920000076293945,5.010000228881836,5.260000228881836,2402700,5.260000228881836
2020-04-24,5.429999828338623,5.119999885559082,5.28000020980835,5.389999866485596,720200,5.389999866485596
2020-04-27,5.78000020980835,5.360000133514404,5.409999847412109,5.679999828338623,897400,5.679999828338623
2020-04-28,5.989999771118164,5.539999961853027,5.849999904632568,5.619999885559082,897400,5.619999885559082
2020-04-29,5.940000057220459,5.639999866485596,5.78000020980835,5.650000095367432,1037800,5.650000095367432
2020-04-30,5.659999847412109,5.21999979019165,5.630000114440918,5.480000019073486,1661500,5.480000019073486
2020-05-01,5.400000095367432,4.96999979019165,5.309999942779541,5.230000019073486,954600,5.230000019073486
2020-05-04,5.340000152587891,4.909999847412109,5.059999942779541,5.320000171661377,747900,5.320000171661377
2020-05-05,5.570000171661377,5.329999923706055,5.349999904632568,5.380000114440918,658800,5.380000114440918
2020-05-06,5.849999904632568,5.329999923706055,5.420000076293945,5.809999942779541,1168300,5.809999942779541
2020-05-07,6.769999980926514,6.0,6.050000190734863,6.769999980926514,2083300,6.769999980926514
2020-05-08,6.880000114440918,6.239999771118164,6.880000114440918,6.349999904632568,1221200,6.349999904632568
2020-05-11,6.420000076293945,6.03000020980835,6.21999979019165,6.230000019073486,1057500,6.230000019073486
2020-05-12,6.320000171661377,5.929999828338623,6.269999980926514,5.940000057220459,1002200,5.940000057220459
2020-05-13,5.889999866485596,5.070000171661377,5.889999866485596,5.090000152587891,1322900,5.090000152587891
2020-05-14,5.710000038146973,5.199999809265137,5.25,5.659999847412109,1375000,5.659999847412109
2020-05-15,5.650000095367432,5.28000020980835,5.510000228881836,5.329999923706055,1181300,5.329999923706055
2020-05-18,5.769999980926514,5.460000038146973,5.510000228881836,5.510000228881836,940100,5.510000228881836
2020-05-19,5.869999885559082,5.449999809265137,5.550000190734863,5.610000133514404,831200,5.610000133514404
2020-05-20,6.059999942779541,5.710000038146973,5.71999979019165,6.03000020980835,1101400,6.03000020980835
2020-05-21,6.300000190734863,5.860000133514404,5.980000019073486,6.170000076293945,1361400,6.170000076293945
2020-05-22,6.260000228881836,6.070000171661377,6.150000095367432,6.230000019073486,897700,6.230000019073486
2020-05-26,6.53000020980835,6.150000095367432,6.389999866485596,6.159999847412109,904000,6.159999847412109
2020-05-27,6.809999942779541,6.210000038146973,6.309999942779541,6.769999980926514,1606500,6.769999980926514
2020-05-28,6.920000076293945,6.429999828338623,6.789999961853027,6.480000019073486,1242300,6.480000019073486
2020-05-29,6.789999961853027,6.269999980926514,6.440000057220459,6.71999979019165,1044700,6.71999979019165
2020-06-01,7.170000076293945,6.690000057220459,6.730000019073486,7.039999961853027,956500,7.039999961853027
2020-06-02,7.349999904632568,6.929999828338623,7.070000171661377,7.070000171661377,1092400,7.070000171661377
2020-06-03,7.480000019073486,7.050000190734863,7.150000095367432,7.349999904632568,895100,7.349999904632568
2020-06-04,7.360000133514404,7.150000095367432,7.289999961853027,7.28000020980835,634800,7.28000020980835
2020-06-05,7.570000171661377,7.28000020980835,7.329999923706055,7.360000133514404,951900,7.360000133514404
2020-06-08,7.710000038146973,7.369999885559082,7.440000057220459,7.670000076293945,582500,7.670000076293945
2020-06-09,7.739999771118164,7.409999847412109,7.460000038146973,7.5,618800,7.5
2020-06-10,7.619999885559082,7.110000133514404,7.519999980926514,7.210000038146973,858400,7.210000038146973
2020-06-11,6.940000057220459,6.309999942779541,6.900000095367432,6.320000171661377,1051700,6.320000171661377
2020-06-12,6.739999771118164,6.25,6.550000190734863,6.480000019073486,806000,6.480000019073486
2020-06-15,6.71999979019165,6.190000057220459,6.309999942779541,6.539999961853027,690300,6.539999961853027
2020-06-16,7.21999979019165,6.690000057220459,6.75,7.079999923706055,822200,7.079999923706055
2020-06-17,7.320000171661377,6.980000019073486,7.150000095367432,7.050000190734863,652400,7.050000190734863
2020-06-18,7.070000171661377,6.840000152587891,6.940000057220459,6.960000038146973,628600,6.960000038146973
2020-06-19,7.420000076293945,6.949999809265137,7.050000190734863,7.199999809265137,1870600,7.199999809265137
2020-06-22,7.269999980926514,6.75,7.179999828338623,6.940000057220459,926200,6.940000057220459
2020-06-23,7.079999923706055,6.860000133514404,6.920000076293945,6.869999885559082,854800,6.869999885559082
2020-06-24,6.840000152587891,6.409999847412109,6.78000020980835,6.559999942779541,576900,6.559999942779541
2020-06-25,6.590000152587891,6.340000152587891,6.449999809265137,6.400000095367432,919100,6.400000095367432
2020-06-26,6.630000114440918,6.199999809265137,6.289999961853027,6.199999809265137,1177600,6.199999809265137
2020-06-29,6.800000190734863,6.25,6.369999885559082,6.659999847412109,1017700,6.659999847412109
2020-06-30,6.980000019073486,6.519999980926514,6.679999828338623,6.900000095367432,902400,6.900000095367432
2020-07-01,7.050000190734863,6.829999923706055,6.920000076293945,7.019999980926514,745800,7.019999980926514
2020-07-02,7.230000019073486,6.880000114440918,7.170000076293945,6.949999809265137,567300,6.949999809265137
2020-07-06,7.119999885559082,6.889999866485596,7.119999885559082,6.980000019073486,489700,6.980000019073486
2020-07-07,6.980000019073486,6.710000038146973,6.909999847412109,6.730000019073486,562900,6.730000019073486
2020-07-08,6.809999942779541,6.599999904632568,6.730000019073486,6.760000228881836,761900,6.760000228881836
2020-07-09,6.980000019073486,6.659999847412109,6.75,6.929999828338623,798900,6.929999828338623
2020-07-10,7.050000190734863,6.789999961853027,6.929999828338623,6.929999828338623,479600,6.929999828338623
2020-07-13,6.980000019073486,6.099999904632568,6.960000038146973,6.179999828338623,2238100,6.179999828338623
2020-07-14,6.369999885559082,6.110000133514404,6.190000057220459,6.179999828338623,815900,6.179999828338623
2020-07-15,6.429999828338623,6.130000114440918,6.28000020980835,6.409999847412109,1169800,6.409999847412109
2020-07-16,6.320000171661377,5.96999979019165,6.320000171661377,6.239999771118164,2182500,6.239999771118164
2020-07-17,6.71999979019165,6.099999904632568,6.239999771118164,6.710000038146973,2736300,6.710000038146973
2020-07-20,6.730000019073486,6.28000020980835,6.699999809265137,6.480000019073486,1373900,6.480000019073486
2020-07-21,6.869999885559082,6.449999809265137,6.599999904632568,6.460000038146973,1339400,6.460000038146973
2020-07-22,6.559999942779541,6.25,6.449999809265137,6.309999942779541,1091700,6.309999942779541
2020-07-23,6.610000133514404,6.210000038146973,6.25,6.409999847412109,822400,6.409999847412109
2020-07-24,6.420000076293945,6.199999809265137,6.409999847412109,6.230000019073486,592400,6.230000019073486
2020-07-27,6.429999828338623,6.25,6.25,6.409999847412109,429100,6.409999847412109
2020-07-28,6.5,6.349999904632568,6.360000133514404,6.409999847412109,587800,6.409999847412109
2020-07-29,6.789999961853027,6.349999904632568,6.46999979019165,6.730000019073486,755900,6.730000019073486
2020-07-30,6.909999847412109,6.570000171661377,6.699999809265137,6.849999904632568,577300,6.849999904632568
2020-07-31,7.199999809265137,6.809999942779541,6.960000038146973,7.119999885559082,1142700,7.119999885559082
2020-08-03,7.570000171661377,7.119999885559082,7.320000171661377,7.53000020980835,1102800,7.53000020980835
2020-08-04,7.630000114440918,7.369999885559082,7.550000190734863,7.630000114440918,847900,7.630000114440918
2020-08-05,7.789999961853027,7.429999828338623,7.75,7.690000057220459,1683900,7.690000057220459
2020-08-06,7.170000076293945,5.769999980926514,7.099999904632568,5.940000057220459,4644300,5.940000057220459
2020-08-07,6.210000038146973,5.829999923706055,6.0,6.03000020980835,1865600,6.03000020980835
2020-08-10,6.159999847412109,5.829999923706055,6.070000171661377,5.869999885559082,1305800,5.869999885559082
2020-08-11,6.050000190734863,5.820000171661377,5.920000076293945,5.880000114440918,1606700,5.880000114440918
2020-08-12,6.489999771118164,6.050000190734863,6.050000190734863,6.130000114440918,2444700,6.130000114440918
2020-08-13,6.440000057220459,6.130000114440918,6.130000114440918,6.329999923706055,1307500,6.329999923706055
2020-08-14,6.309999942779541,6.059999942779541,6.269999980926514,6.239999771118164,945600,6.239999771118164
2020-08-17,6.28000020980835,6.03000020980835,6.230000019073486,6.159999847412109,781400,6.159999847412109
2020-08-18,6.289999961853027,6.070000171661377,6.190000057220459,6.260000228881836,1287300,6.260000228881836
2020-08-19,6.320000171661377,6.179999828338623,6.21999979019165,6.300000190734863,821300,6.300000190734863
2020-08-20,6.360000133514404,6.170000076293945,6.230000019073486,6.349999904632568,541900,6.349999904632568
2020-08-21,6.389999866485596,6.199999809265137,6.349999904632568,6.28000020980835,535800,6.28000020980835
2020-08-24,6.340000152587891,6.110000133514404,6.309999942779541,6.179999828338623,693800,6.179999828338623
2020-08-25,6.190000057220459,5.940000057220459,6.130000114440918,6.130000114440918,997100,6.130000114440918
2020-08-26,6.21999979019165,6.059999942779541,6.099999904632568,6.110000133514404,749300,6.110000133514404
2020-08-27,6.119999885559082,5.960000038146973,6.099999904632568,6.010000228881836,651600,6.010000228881836
2020-08-28,6.150000095367432,5.920000076293945,6.010000228881836,6.130000114440918,957800,6.130000114440918
2020-08-31,6.119999885559082,5.949999809265137,6.110000133514404,6.059999942779541,744400,6.059999942779541
2020-09-01,6.170000076293945,6.0,6.010000228881836,6.159999847412109,725400,6.159999847412109
2020-09-02,6.210000038146973,5.980000019073486,6.090000152587891,6.190000057220459,1021500,6.190000057220459
2020-09-03,6.21999979019165,5.800000190734863,6.159999847412109,5.869999885559082,947700,5.869999885559082
2020-09-04,5.940000057220459,5.239999771118164,5.909999847412109,5.619999885559082,1367300,5.619999885559082
2020-09-08,5.670000076293945,5.329999923706055,5.630000114440918,5.539999961853027,740600,5.539999961853027
2020-09-09,5.599999904632568,5.340000152587891,5.599999904632568,5.449999809265137,669700,5.449999809265137
2020-09-10,5.829999923706055,5.510000228881836,5.510000228881836,5.559999942779541,889000,5.559999942779541
2020-09-11,5.619999885559082,5.340000152587891,5.599999904632568,5.400000095367432,536300,5.400000095367432
2020-09-14,5.670000076293945,5.420000076293945,5.489999771118164,5.599999904632568,538600,5.599999904632568
2020-09-15,5.71999979019165,5.590000152587891,5.619999885559082,5.639999866485596,393500,5.639999866485596
2020-09-16,5.829999923706055,5.570000171661377,5.659999847412109,5.71999979019165,521100,5.71999979019165
2020-09-17,5.809999942779541,5.579999923706055,5.630000114440918,5.78000020980835,580600,5.78000020980835
2020-09-18,6.329999923706055,5.75,5.849999904632568,6.309999942779541,2055700,6.309999942779541
2020-09-21,6.199999809265137,5.769999980926514,6.139999866485596,5.900000095367432,734400,5.900000095367432
2020-09-22,6.050000190734863,5.809999942779541,5.96999979019165,5.96999979019165,430700,5.96999979019165
2020-09-23,5.989999771118164,5.820000171661377,5.940000057220459,5.920000076293945,641600,5.920000076293945
2020-09-24,5.889999866485596,5.409999847412109,5.889999866485596,5.409999847412109,756700,5.409999847412109
2020-09-25,5.760000228881836,5.429999828338623,5.429999828338623,5.690000057220459,511000,5.690000057220459
2020-09-28,6.019999980926514,5.670000076293945,5.78000020980835,5.929999828338623,596600,5.929999828338623
2020-09-29,5.920000076293945,5.769999980926514,5.920000076293945,5.849999904632568,614300,5.849999904632568
2020-09-30,6.03000020980835,5.789999961853027,5.880000114440918,5.840000152587891,288900,5.840000152587891
2020-10-01,5.989999771118164,5.880000114440918,5.900000095367432,5.960000038146973,258000,5.960000038146973
2020-10-02,5.920000076293945,5.760000228881836,5.78000020980835,5.829999923706055,439100,5.829999923706055
2020-10-05,6.070000171661377,5.869999885559082,5.869999885559082,6.050000190734863,289100,6.050000190734863
2020-10-06,6.300000190734863,6.050000190734863,6.079999923706055,6.090000152587891,440000,6.090000152587891
2020-10-07,6.309999942779541,6.019999980926514,6.099999904632568,6.289999961853027,529300,6.289999961853027
2020-10-08,6.480000019073486,6.269999980926514,6.369999885559082,6.340000152587891,396300,6.340000152587891
2020-10-09,6.690000057220459,6.349999904632568,6.360000133514404,6.539999961853027,537800,6.539999961853027
2020-10-12,6.769999980926514,6.53000020980835,6.559999942779541,6.650000095367432,449000,6.650000095367432
2020-10-13,6.889999866485596,6.670000076293945,6.690000057220459,6.78000020980835,519100,6.78000020980835
2020-10-14,6.829999923706055,6.519999980926514,6.800000190734863,6.650000095367432,562000,6.650000095367432
2020-10-15,6.769999980926514,6.5,6.550000190734863,6.71999979019165,489700,6.71999979019165
2020-10-16,7.059999942779541,6.710000038146973,6.71999979019165,6.820000171661377,1208700,6.820000171661377
2020-10-19,6.900000095367432,6.670000076293945,6.880000114440918,6.800000190734863,588400,6.800000190734863
2020-10-20,6.860000133514404,6.579999923706055,6.860000133514404,6.599999904632568,282700,6.599999904632568
2020-10-21,6.650000095367432,6.239999771118164,6.579999923706055,6.25,361400,6.25
2020-10-22,6.53000020980835,6.210000038146973,6.25,6.460000038146973,494500,6.460000038146973
2020-10-23,6.510000228881836,6.309999942779541,6.510000228881836,6.5,193400,6.5
2020-10-26,6.570000171661377,6.25,6.409999847412109,6.449999809265137,541600,6.449999809265137
2020-10-27,6.519999980926514,6.329999923706055,6.369999885559082,6.420000076293945,248900,6.420000076293945
2020-10-28,6.389999866485596,6.099999904632568,6.260000228881836,6.349999904632568,480900,6.349999904632568
2020-10-29,6.599999904632568,6.190000057220459,6.320000171661377,6.53000020980835,565100,6.53000020980835
2020-10-30,6.539999961853027,6.050000190734863,6.539999961853027,6.130000114440918,477600,6.130000114440918
2020-11-02,6.28000020980835,6.090000152587891,6.130000114440918,6.230000019073486,357300,6.230000019073486
2020-11-03,6.949999809265137,6.300000190734863,6.309999942779541,6.900000095367432,623400,6.900000095367432
2020-11-04,6.920000076293945,6.630000114440918,6.630000114440918,6.820000171661377,451700,6.820000171661377
2020-11-05,7.25,6.889999866485596,6.909999847412109,7.190000057220459,855700,7.190000057220459
2020-11-06,7.179999828338623,6.659999847412109,7.179999828338623,6.710000038146973,608900,6.710000038146973
2020-11-09,7.429999828338623,6.920000076293945,6.929999828338623,7.059999942779541,882300,7.059999942779541
2020-11-10,7.949999809265137,6.610000133514404,7.5,6.679999828338623,1899700,6.679999828338623
2020-11-11,6.889999866485596,6.579999923706055,6.699999809265137,6.699999809265137,1172000,6.699999809265137
2020-11-12,6.929999828338623,6.630000114440918,6.699999809265137,6.789999961853027,462000,6.789999961853027
2020-11-13,6.940000057220459,6.650000095367432,6.900000095367432,6.760000228881836,495000,6.760000228881836
2020-11-16,6.929999828338623,6.730000019073486,6.929999828338623,6.880000114440918,577000,6.880000114440918
2020-11-17,6.900000095367432,6.730000019073486,6.840000152587891,6.889999866485596,547400,6.889999866485596
2020-11-18,7.170000076293945,6.880000114440918,6.889999866485596,7.110000133514404,728900,7.110000133514404
2020-11-19,7.190499782562256,7.070000171661377,7.119999885559082,7.090000152587891,76406,7.090000152587891
